70389	76
70390	91
70391	44
70392	207
70393	350
70394	269
70395	695
70396	587
70397	169
70398	221
70399	56
70400	4
70401	117
70402	56
70403	55
70404	175
70405	69
70406	527
70407	451
70408	636
70409	83
70410	131
70411	544
70412	420
70413	457
70414	77
70415	122
70416	576
70417	219
70418	245
70419	23
70420	21
70421	213
70422	2
70423	302
70424	467
70425	498
70426	388
70427	74
70428	674
70429	120
70430	18
70431	40
70432	267
70433	530
70434	4
70435	290
70436	83
70437	59
70438	432
70439	64
70440	400
70441	386
70442	453
70443	241
70444	165
70445	121
70446	446
70447	294
70448	183
70449	141
70450	234
70451	307
70452	1
70453	594
70454	672
70455	1
70456	523
70457	76
70458	412
70459	227
70460	408
70461	853
70462	111
70463	302
70464	35
70465	99
70466	285
70467	216
70468	158
70469	115
70470	23
70471	35
70472	59
70473	279
70474	99
70475	589
70476	542
70477	35
70478	172
70479	225
70480	56
70481	253
70482	95
70483	526
70484	210
70485	507
70486	697
70487	61
70488	221
70489	530
70490	20
70491	229
70492	40
70493	376
70494	308
70495	212
70496	266
70497	22
70498	45
70499	153
70500	79
70501	858
70502	790
70503	569
70504	620
70505	60
70506	295
70507	0
70508	172
70509	249
70510	152
70511	414
70512	527
70513	174
70514	159
70515	74
70516	309
70517	261
70518	299
70519	194
70520	102
70521	1
70522	33
70523	191
70524	124
70525	170
70526	250
70527	317
70528	329
70529	7
70530	589
70531	82
70532	66
70533	207
70534	316
70535	222
70536	47
70537	225
70538	84
70539	253
70540	40
70541	473
70542	117
70543	4
70544	421
70545	36
70546	1
70547	215
70548	96
70549	232
70550	4
70551	376
70552	118
70553	344
70554	395
70555	7
70556	31
70557	113
70558	221
70559	141
70560	286
70561	55
70562	292
70563	44
70564	11
70565	120
70566	176
70567	109
70568	188
70569	515
70570	379
70571	453
70572	56
70573	547
70574	152
70575	359
70576	19
70577	22
70578	73
70579	127
70580	246
70581	4
70582	496
70583	103
70584	370
70585	399
70586	102
70587	84
70588	146
70589	425
70590	84
70591	98
70592	206
70593	410
70594	273
70595	141
70596	94
70597	480
70598	56
70599	261
70600	57
70601	496
70602	214
70603	58
70604	107
70605	343
70606	109
70607	14
70608	338
70609	149
70610	233
70611	20
70612	221
70613	66
70614	0
70615	269
70616	131
70617	217
70618	99
70619	0
70620	399
70621	40
70622	53
70623	56
70624	374
70625	301
70626	369
70627	434
70628	40
70629	358
70630	0
70631	336
70632	117
70633	39
70634	328
70635	133
70636	78
70637	57
70638	396
70639	105
70640	21
70641	498
70642	193
70643	627
70644	633
70645	22
70646	512
70647	243
70648	41
70649	171
70650	559
70651	5
70652	94
70653	175
70654	11
70655	16
70656	197
70657	486
70658	347
70659	2
70660	259
70661	394
70662	397
70663	314
70664	526
70665	62
70666	274
70667	2
70668	375
70669	78
70670	139
70671	0
70672	0
70673	379
70674	117
70675	4
70676	35
70677	1
70678	10
70679	11
70680	4
70681	99
70682	320
70683	80
70684	37
70685	277
70686	506
70687	697
70688	0
70689	71
70690	339
70691	4
70692	415
70693	228
70694	211
70695	38
70696	62
70697	315
70698	196
70699	130
70700	240
70701	457
70702	180
70703	50
70704	334
70705	4
70706	20
70707	67
70708	674
70709	834
70710	409
70711	471
70712	92
70713	131
70714	163
70715	232
70716	56
70717	506
70718	175
70719	616
70720	182
70721	363
70722	192
70723	85
70724	77
70725	162
70726	325
70727	315
70728	764
70729	327
70730	321
70731	329
70732	216
70733	487
70734	379
70735	332
70736	201
70737	521
70738	596
70739	165
70740	0
70741	106
70742	20
70743	210
70744	272
70745	662
70746	767
70747	843
70748	527
70749	337
70750	41
70751	166
70752	179
70753	20
70754	62
70755	329
70756	191
70757	96
70758	134
70759	191
70760	334
70761	0
70762	340
70763	413
70764	58
70765	594
70766	637
70767	607
70768	291
70769	352
70770	487
70771	10
70772	10
70773	89
70774	227
70775	462
70776	144
70777	550
70778	478
70779	139
70780	43
70781	306
70782	253
70783	21
70784	203
70785	438
70786	220
70787	66
70788	208
70789	120
70790	367
70791	7
70792	422
70793	56
70794	563
70795	173
70796	20
70797	348
70798	375
70799	10
70800	416
70801	643
70802	101
70803	138
70804	20
70805	158
70806	132
70807	33
70808	64
70809	130
70810	202
70811	450
70812	22
70813	135
70814	349
70815	27
70816	10
70817	13
70818	35
70819	357
70820	48
70821	508
70822	261
70823	453
70824	357
70825	33
70826	490
70827	193
70828	298
70829	153
70830	11
70831	77
70832	387
70833	262
70834	206
70835	314
70836	66
70837	10
70838	59
70839	1
70840	57
70841	301
70842	22
70843	452
70844	58
70845	26
70846	59
70847	61
70848	374
70849	226
70850	244
70851	77
70852	23
70853	350
70854	817
70855	610
70856	360
70857	329
70858	35
70859	248
70860	403
70861	251
70862	167
70863	192
70864	11
70865	37
70866	129
70867	291
70868	35
70869	306
70870	282
70871	54
70872	79
70873	641
70874	50
70875	46
70876	162
70877	442
70878	4
70879	432
70880	134
70881	423
70882	96
70883	177
70884	401
70885	421
70886	294
70887	521
70888	311
70889	356
70890	292
70891	239
70892	51
70893	175
70894	84
70895	665
70896	347
70897	229
70898	676
70899	723
70900	243
70901	227
70902	41
70903	148
70904	456
70905	83
70906	152
70907	153
70908	484
70909	42
70910	761
70911	120
70912	139
70913	4
70914	97
70915	516
70916	556
70917	264
70918	159
70919	657
70920	35
70921	8
70922	30
70923	158
70924	57
70925	4
70926	294
70927	71
70928	96
70929	20
70930	283
70931	274
70932	224
70933	547
70934	289
70935	302
70936	323
70937	552
70938	40
70939	59
70940	20
70941	359
70942	352
70943	192
70944	69
70945	74
70946	209
70947	73
70948	369
70949	29
70950	229
70951	2
70952	95
70953	172
70954	455
70955	156
70956	0
70957	151
70958	166
70959	16
70960	109
70961	532
70962	478
70963	153
70964	10
70965	134
70966	433
70967	150
70968	282
70969	223
70970	52
70971	336
70972	100
70973	142
70974	358
70975	177
70976	340
70977	288
70978	106
70979	382
70980	531
70981	682
70982	185
70983	56
70984	403
70985	0
70986	441
70987	20
70988	278
70989	35
70990	354
70991	60
70992	86
70993	86
70994	117
70995	6
70996	420
70997	119
70998	464
