52331	427
52332	56
52333	21
52334	10
52335	23
52336	0
52337	169
52338	143
52339	527
52340	46
52341	66
52342	334
52343	24
52344	159
52345	5
52346	337
52347	212
52348	20
52349	0
52350	35
52351	516
52352	159
52353	56
52354	429
52355	322
52356	420
52357	186
52358	252
52359	294
52360	298
52361	0
52362	142
52363	450
52364	6
52365	76
52366	62
52367	2
52368	448
52369	463
52370	74
52371	20
52372	460
52373	10
52374	139
52375	257
52376	4
52377	359
52378	3
52379	0
52380	334
52381	42
52382	5
52383	438
52384	261
52385	190
52386	131
52387	15
52388	359
52389	177
52390	1
52391	252
52392	25
52393	10
52394	562
52395	0
52396	13
52397	371
52398	624
52399	26
52400	245
52401	367
52402	200
52403	120
52404	51
52405	45
52406	0
52407	201
52408	59
52409	0
52410	178
52411	124
52412	347
52413	133
52414	311
52415	56
52416	66
52417	337
52418	100
52419	468
52420	0
52421	203
52422	35
52423	0
52424	244
52425	193
52426	345
52427	87
52428	549
52429	204
52430	242
52431	155
52432	266
52433	234
52434	164
52435	20
52436	237
52437	37
52438	308
52439	450
52440	0
52441	0
52442	141
52443	36
52444	307
52445	236
52446	250
52447	36
52448	24
52449	103
52450	316
52451	435
52452	20
52453	35
52454	49
52455	4
52456	350
52457	10
52458	93
52459	160
52460	346
52461	512
52462	447
52463	0
52464	95
52465	163
52466	354
52467	301
52468	285
52469	259
52470	58
52471	4
52472	165
52473	247
52474	0
52475	296
52476	0
52477	20
52478	210
52479	57
52480	1
52481	20
52482	594
52483	303
52484	340
52485	2
52486	164
52487	476
52488	196
52489	77
52490	12
52491	370
52492	282
52493	373
52494	170
52495	193
52496	66
52497	79
52498	4
52499	155
52500	84
52501	166
52502	0
52503	70
52504	287
52505	313
52506	254
52507	220
52508	58
52509	291
52510	340
52511	92
52512	224
52513	370
52514	10
52515	345
52516	56
52517	170
52518	127
52519	81
52520	311
52521	302
52522	100
52523	381
52524	507
52525	0
52526	12
52527	86
52528	251
52529	57
52530	35
52531	4
52532	338
52533	15
52534	119
52535	340
52536	27
52537	421
52538	282
52539	322
52540	304
52541	219
52542	135
52543	108
52544	4
52545	96
52546	1
52547	7
52548	15
52549	105
52550	0
52551	22
52552	472
52553	0
52554	405
52555	31
52556	20
52557	0
52558	0
52559	195
52560	0
52561	272
52562	6
52563	10
52564	84
52565	258
52566	175
52567	552
52568	189
52569	183
52570	410
52571	0
52572	84
52573	4
52574	99
52575	125
52576	409
52577	321
52578	264
52579	49
52580	241
52581	567
52582	6
52583	0
52584	0
52585	170
52586	8
52587	355
52588	316
52589	114
52590	227
52591	70
52592	579
52593	136
52594	1
52595	158
52596	0
52597	4
52598	266
52599	35
52600	51
52601	168
52602	365
52603	36
52604	81
52605	146
52606	147
52607	162
52608	299
52609	35
52610	346
52611	13
52612	497
52613	281
52614	397
52615	65
52616	500
52617	620
52618	120
52619	559
52620	751
52621	485
52622	272
52623	410
52624	409
52625	20
52626	510
52627	427
52628	83
52629	5
52630	307
52631	161
52632	171
52633	24
52634	11
52635	3
52636	191
52637	338
52638	201
52639	373
52640	27
52641	9
52642	4
52643	226
52644	338
52645	0
52646	38
52647	1
52648	158
52649	126
52650	611
52651	190
52652	81
52653	34
52654	167
52655	226
52656	696
52657	51
52658	206
52659	7
52660	56
52661	35
52662	523
52663	61
52664	0
52665	146
52666	213
52667	0
52668	59
52669	1
52670	40
52671	1
52672	111
52673	161
52674	465
52675	0
52676	280
52677	291
52678	56
52679	226
52680	390
52681	213
52682	60
52683	117
52684	1
52685	70
52686	204
52687	0
52688	632
52689	606
52690	35
52691	10
52692	194
52693	0
52694	0
52695	238
52696	117
52697	79
52698	375
52699	44
52700	438
52701	0
52702	251
52703	0
52704	159
52705	0
52706	0
52707	214
52708	239
52709	79
52710	193
52711	176
52712	4
52713	10
52714	622
52715	50
52716	102
52717	273
52718	354
52719	463
52720	1
52721	26
52722	473
52723	419
52724	292
52725	17
52726	9
52727	10
52728	385
52729	363
52730	10
52731	178
52732	45
52733	218
52734	275
52735	50
52736	236
52737	22
52738	0
52739	0
52740	15
52741	62
52742	10
52743	286
52744	134
52745	52
52746	197
52747	84
52748	124
52749	83
52750	20
52751	1
52752	558
52753	307
52754	34
52755	381
52756	159
52757	192
52758	213
52759	318
52760	362
52761	136
52762	1
52763	252
52764	147
52765	310
52766	129
52767	4
52768	290
52769	285
52770	350
52771	116
52772	218
52773	1
52774	81
52775	476
52776	84
52777	58
52778	158
52779	4
52780	87
52781	468
52782	3
52783	249
52784	451
52785	36
52786	325
52787	0
52788	362
52789	186
52790	132
52791	64
52792	0
52793	332
52794	199
52795	110
52796	1
52797	199
52798	410
52799	495
52800	0
52801	82
52802	16
52803	271
52804	58
52805	239
52806	415
52807	1
52808	82
52809	78
52810	203
52811	521
52812	461
52813	513
52814	1
52815	320
52816	409
52817	514
52818	364
52819	443
52820	11
52821	111
52822	80
52823	155
52824	252
52825	61
52826	305
52827	308
52828	17
52829	3
52830	365
52831	310
52832	191
52833	493
52834	441
52835	0
52836	185
52837	0
52838	6
52839	304
52840	334
52841	492
52842	261
52843	123
52844	83
52845	336
52846	637
52847	35
52848	38
52849	107
52850	107
52851	339
52852	224
52853	0
52854	50
52855	160
52856	295
52857	127
52858	47
52859	86
52860	1
52861	0
52862	2
52863	104
52864	42
52865	77
52866	10
52867	58
52868	101
52869	272
52870	217
52871	256
52872	1
52873	492
52874	218
52875	15
52876	283
52877	105
52878	238
52879	50
52880	622
52881	304
52882	294
52883	133
52884	202
52885	169
52886	340
52887	143
52888	3
52889	26
52890	0
52891	165
52892	20
52893	82
52894	81
52895	304
52896	323
52897	0
52898	148
52899	52
52900	0
52901	356
52902	189
52903	0
52904	110
52905	162
52906	1
52907	596
52908	583
52909	118
52910	0
52911	90
