91085	114
91086	9
91087	86
91088	16
91089	0
91090	68
91091	138
91092	87
91093	4
91094	856
91095	403
91096	402
91097	78
91098	53
91099	97
91100	61
91101	407
91102	122
91103	0
91104	2
91105	4
91106	88
91107	223
91108	0
91109	118
91110	162
91111	0
91112	77
91113	10
91114	137
91115	0
91116	9
91117	0
91118	80
91119	155
91120	180
91121	92
91122	241
91123	74
91124	129
91125	171
91126	188
91127	492
91128	392
91129	332
91130	0
91131	217
91132	597
91133	57
91134	157
91135	231
91136	57
91137	136
91138	214
91139	37
91140	58
91141	91
91142	423
91143	488
91144	77
91145	372
91146	2
91147	2
91148	115
91149	20
91150	782
91151	802
91152	324
91153	269
91154	193
91155	64
91156	442
91157	555
91158	37
91159	172
91160	19
91161	230
91162	0
91163	10
91164	71
91165	111
91166	151
91167	84
91168	20
91169	369
91170	72
91171	16
91172	347
91173	160
91174	184
91175	134
91176	86
91177	185
91178	98
91179	106
91180	427
91181	296
91182	237
91183	590
91184	20
91185	115
91186	472
91187	294
91188	160
91189	210
91190	2
91191	193
91192	321
91193	441
91194	84
91195	362
91196	690
91197	534
91198	326
91199	79
91200	252
91201	95
91202	288
91203	217
91204	56
91205	289
91206	2
91207	248
91208	71
91209	325
91210	0
91211	7
91212	263
91213	410
91214	20
91215	138
91216	1
91217	311
91218	210
91219	281
91220	531
91221	390
91222	25
91223	224
91224	187
91225	201
91226	58
91227	419
91228	83
91229	20
91230	135
91231	158
91232	38
91233	114
91234	340
91235	299
91236	0
91237	69
91238	5
91239	156
91240	452
91241	57
91242	10
91243	344
91244	315
91245	76
91246	10
91247	0
91248	86
91249	56
91250	341
91251	421
91252	564
91253	0
91254	31
91255	56
91256	394
91257	129
91258	10
91259	0
91260	4
91261	35
91262	521
91263	502
91264	739
91265	1
91266	286
91267	10
91268	128
91269	380
91270	144
91271	183
91272	147
91273	37
91274	390
91275	12
91276	56
91277	688
91278	249
91279	0
91280	2
91281	4
91282	21
91283	251
91284	60
91285	0
91286	349
91287	119
91288	39
91289	503
91290	628
91291	288
91292	80
91293	629
91294	137
91295	165
91296	121
91297	225
91298	28
91299	90
91300	268
91301	0
91302	198
91303	355
91304	246
91305	208
91306	51
91307	20
91308	366
91309	112
91310	51
91311	272
91312	190
91313	10
91314	2
91315	353
91316	0
91317	120
91318	30
91319	316
91320	239
91321	321
91322	209
91323	2
91324	112
91325	241
91326	12
91327	84
91328	164
91329	20
91330	429
91331	349
91332	394
91333	284
91334	0
91335	49
91336	0
91337	51
91338	17
91339	244
91340	214
91341	58
91342	21
91343	10
91344	164
91345	58
91346	934
91347	10
91348	10
91349	265
91350	689
91351	637
91352	161
91353	249
91354	0
91355	1
91356	21
91357	208
91358	462
91359	32
91360	637
91361	115
91362	120
91363	311
91364	0
91365	66
91366	1
91367	156
91368	1
91369	351
91370	1
91371	51
91372	155
91373	93
91374	403
91375	0
91376	56
91377	206
91378	6
91379	63
91380	290
91381	345
91382	330
91383	269
91384	217
91385	151
91386	56
91387	6
91388	145
91389	325
91390	169
91391	56
91392	430
91393	20
91394	288
91395	310
91396	130
91397	35
91398	210
91399	114
91400	99
91401	468
91402	445
91403	137
91404	429
91405	673
91406	453
91407	741
91408	161
91409	183
91410	21
91411	91
91412	85
91413	407
91414	176
91415	178
91416	66
91417	75
91418	426
91419	465
91420	391
91421	0
91422	0
91423	56
91424	366
91425	95
91426	56
91427	116
91428	208
91429	415
91430	523
91431	13
91432	411
91433	525
91434	369
91435	317
91436	350
91437	51
91438	295
91439	457
91440	91
91441	0
91442	51
91443	425
91444	363
91445	262
91446	106
91447	396
91448	860
91449	295
91450	260
91451	487
91452	0
91453	32
91454	581
91455	117
91456	20
91457	13
91458	419
91459	20
91460	82
91461	488
91462	210
91463	0
91464	241
91465	0
91466	114
91467	67
91468	202
91469	0
91470	83
91471	35
91472	137
91473	524
91474	393
91475	12
91476	104
91477	20
91478	181
91479	31
91480	35
91481	13
91482	613
91483	51
91484	441
91485	231
91486	4
91487	0
91488	22
91489	22
91490	3
91491	29
91492	87
91493	1
91494	236
91495	253
91496	114
91497	22
91498	118
91499	84
91500	41
91501	138
91502	4
91503	35
91504	31
91505	206
91506	0
91507	198
91508	297
91509	260
91510	546
91511	117
91512	71
91513	236
91514	238
91515	342
91516	250
91517	4
91518	538
91519	248
91520	112
91521	4
91522	60
91523	589
91524	0
91525	777
91526	723
91527	73
91528	357
91529	204
91530	631
91531	426
91532	63
91533	250
91534	673
91535	403
91536	268
91537	1
91538	5
91539	326
91540	11
91541	20
91542	109
91543	0
91544	67
91545	267
91546	56
91547	35
91548	35
91549	294
91550	290
91551	180
91552	332
91553	266
91554	2
91555	108
91556	35
91557	10
91558	359
91559	212
91560	55
91561	104
91562	65
91563	20
91564	0
91565	333
91566	116
91567	518
91568	295
91569	508
91570	346
91571	459
91572	4
91573	1
91574	20
91575	70
91576	268
91577	1
91578	230
91579	128
91580	38
91581	4
91582	156
91583	122
91584	210
91585	10
91586	156
91587	482
91588	4
91589	305
91590	288
91591	0
91592	10
91593	65
91594	11
91595	231
91596	460
91597	291
91598	35
91599	34
91600	14
91601	321
91602	212
91603	213
91604	73
91605	203
91606	278
91607	0
91608	58
91609	299
91610	272
91611	201
91612	149
91613	83
91614	36
91615	321
91616	35
91617	50
91618	177
91619	249
91620	504
91621	265
91622	167
91623	262
91624	487
91625	121
91626	436
91627	611
91628	193
91629	16
91630	139
91631	0
91632	20
91633	31
91634	505
91635	178
91636	223
91637	227
91638	425
91639	189
91640	407
91641	3
91642	497
91643	461
91644	589
91645	210
91646	396
91647	84
91648	101
91649	1
91650	0
91651	20
91652	28
91653	8
91654	2
91655	27
91656	200
91657	372
91658	35
91659	311
91660	149
91661	59
91662	429
91663	325
91664	442
91665	192
91666	214
91667	296
91668	384
91669	364
91670	43
91671	35
91672	11
91673	156
91674	179
91675	540
91676	318
91677	0
91678	185
91679	393
91680	622
91681	84
91682	256
91683	0
91684	436
91685	642
91686	718
91687	129
91688	36
91689	329
91690	56
91691	882
91692	11
91693	148
91694	25
91695	385
91696	10
91697	219
91698	127
91699	3
91700	4
91701	70
91702	54
91703	527
91704	337
91705	5
91706	435
91707	243
91708	79
91709	644
91710	226
91711	197
91712	7
91713	52
91714	4
91715	56
91716	77
91717	505
91718	204
91719	0
91720	335
91721	269
91722	84
91723	529
91724	332
91725	0
91726	21
91727	173
91728	424
91729	131
91730	12
91731	310
91732	663
91733	538
91734	364
91735	53
91736	350
91737	285
91738	172
91739	245
91740	62
91741	358
91742	344
91743	399
91744	519
91745	37
91746	10
91747	470
91748	93
91749	1
91750	51
91751	280
91752	229
91753	36
91754	205
91755	185
91756	35
91757	56
91758	196
91759	390
91760	269
91761	251
91762	51
91763	180
91764	359
91765	0
91766	244
91767	195
91768	417
91769	697
91770	415
91771	139
91772	56
91773	112
91774	55
91775	111
91776	472
91777	165
91778	2
91779	49
91780	97
91781	362
91782	84
91783	0
91784	228
91785	219
91786	91
91787	192
91788	12
91789	4
91790	268
91791	181
91792	210
91793	220
91794	299
91795	370
91796	18
91797	433
91798	217
91799	2
91800	0
91801	288
91802	555
91803	143
91804	665
91805	14
91806	112
91807	98
91808	151
91809	306
91810	35
91811	193
91812	175
91813	436
91814	460
91815	0
91816	181
91817	524
91818	0
91819	1
91820	112
91821	156
91822	0
91823	10
91824	95
91825	146
91826	318
91827	164
91828	71
91829	179
91830	356
91831	171
91832	1003
91833	90
91834	2
91835	636
91836	6
91837	1
91838	322
91839	336
91840	324
91841	141
91842	205
91843	691
91844	310
91845	366
91846	84
91847	84
91848	71
91849	58
91850	120
91851	485
91852	13
91853	0
91854	331
91855	257
91856	35
91857	96
91858	73
91859	109
91860	7
91861	502
91862	212
91863	164
91864	378
91865	22
91866	21
91867	158
91868	316
91869	15
91870	58
91871	126
91872	131
91873	92
91874	120
91875	15
91876	351
91877	91
91878	456
91879	392
91880	447
91881	301
91882	195
91883	39
91884	415
91885	488
91886	189
91887	132
91888	226
91889	164
91890	294
91891	0
91892	233
91893	1
91894	58
91895	2
91896	46
91897	17
91898	227
91899	128
91900	230
91901	504
91902	197
91903	392
91904	3
91905	18
91906	193
91907	268
91908	117
91909	213
91910	165
91911	96
91912	191
91913	32
91914	390
91915	103
91916	594
91917	176
91918	146
91919	268
91920	300
91921	235
91922	313
91923	432
91924	36
91925	0
91926	102
91927	527
91928	135
91929	0
91930	26
91931	211
91932	2
91933	0
91934	143
91935	10
91936	313
91937	74
91938	43
91939	35
91940	0
91941	188
91942	384
91943	571
91944	56
91945	46
91946	20
91947	20
91948	189
91949	312
91950	285
91951	176
91952	5
91953	212
91954	0
91955	3
91956	0
91957	13
91958	192
91959	271
91960	411
91961	131
91962	114
91963	394
91964	312
91965	263
91966	303
91967	577
91968	21
91969	79
91970	363
91971	89
91972	125
91973	69
91974	56
91975	88
91976	10
91977	16
91978	46
91979	0
91980	334
91981	226
91982	243
91983	394
91984	137
91985	166
91986	4
91987	133
91988	1
91989	3
91990	20
91991	304
91992	537
91993	476
91994	307
91995	309
91996	236
91997	113
91998	1
91999	40
92000	206
92001	205
92002	464
92003	586
92004	20
92005	398
92006	11
92007	28
92008	417
92009	119
92010	169
92011	329
92012	20
92013	187
92014	236
92015	46
92016	45
92017	0
92018	30
92019	568
92020	451
92021	683
92022	725
92023	20
92024	146
92025	87
92026	20
92027	323
92028	197
92029	403
92030	665
92031	450
92032	402
92033	339
92034	25
92035	218
92036	0
92037	4
92038	516
92039	421
92040	244
92041	204
92042	639
92043	375
92044	173
92045	0
92046	10
92047	0
92048	212
92049	403
92050	1
92051	385
92052	131
92053	258
92054	241
92055	111
92056	605
92057	396
92058	411
92059	153
92060	1
92061	102
92062	111
92063	20
92064	440
92065	551
92066	455
92067	112
92068	116
92069	3
92070	25
92071	247
92072	391
92073	112
92074	162
92075	10
92076	1
92077	64
92078	222
92079	77
92080	158
92081	297
92082	0
92083	87
92084	4
92085	32
92086	104
92087	189
92088	394
92089	206
92090	22
92091	235
92092	200
92093	10
92094	6
92095	74
92096	10
92097	4
92098	255
92099	221
92100	278
92101	219
92102	0
92103	41
92104	140
92105	1
92106	74
92107	51
92108	183
92109	3
92110	10
92111	8
92112	2
92113	2
92114	197
92115	249
92116	229
92117	288
92118	8
92119	4
92120	280
92121	369
92122	113
92123	0
92124	291
92125	334
92126	0
92127	181
92128	41
92129	180
92130	26
92131	304
92132	3
92133	110
92134	0
92135	247
92136	6
92137	38
92138	137
92139	659
92140	52
92141	56
92142	75
92143	344
92144	503
92145	252
92146	419
92147	56
92148	185
92149	1
92150	61
92151	20
92152	516
92153	10
92154	416
92155	190
92156	7
92157	156
92158	8
92159	307
92160	0
92161	65
92162	0
92163	0
92164	20
92165	29
92166	151
92167	188
92168	118
92169	118
92170	74
92171	118
92172	48
92173	220
92174	47
92175	160
92176	160
92177	416
92178	182
92179	242
92180	0
92181	425
92182	564
92183	1
92184	202
92185	307
92186	155
92187	130
92188	398
92189	236
92190	96
92191	318
92192	79
92193	364
92194	558
92195	390
92196	468
92197	520
92198	399
92199	670
92200	30
92201	346
92202	57
92203	35
92204	68
92205	164
92206	123
92207	134
92208	56
92209	273
92210	60
92211	35
92212	440
92213	65
92214	289
92215	258
92216	417
92217	309
92218	0
92219	510
92220	330
92221	0
92222	396
92223	246
92224	94
92225	86
92226	118
92227	86
92228	14
92229	56
92230	246
92231	250
92232	126
92233	20
92234	601
92235	414
92236	289
92237	260
92238	50
92239	0
92240	20
92241	36
92242	192
92243	20
92244	130
92245	94
92246	41
92247	56
92248	97
92249	22
92250	22
92251	0
92252	215
92253	58
92254	4
92255	137
92256	17
92257	239
92258	184
92259	110
92260	84
92261	23
92262	238
92263	0
92264	0
92265	181
92266	35
92267	175
92268	186
92269	67
92270	555
92271	385
92272	547
92273	213
92274	388
92275	333
92276	498
92277	8
92278	434
92279	11
92280	207
92281	12
92282	4
92283	111
92284	493
92285	1
92286	77
92287	260
92288	242
92289	5
92290	0
92291	20
92292	231
92293	0
92294	365
92295	182
92296	40
92297	10
92298	110
92299	130
92300	238
92301	419
92302	316
92303	72
92304	143
92305	26
92306	1
92307	5
92308	0
92309	24
92310	917
92311	711
92312	745
92313	0
92314	317
92315	10
92316	1
92317	1
92318	4
92319	10
92320	340
92321	299
92322	449
92323	486
92324	626
92325	316
92326	11
92327	317
92328	94
92329	551
92330	420
92331	300
92332	697
92333	148
92334	254
92335	0
92336	138
92337	404
92338	175
92339	277
92340	1
92341	242
92342	1
92343	36
92344	64
92345	3
92346	5
92347	481
92348	0
92349	321
92350	245
92351	256
92352	10
92353	168
92354	288
92355	10
92356	93
92357	221
92358	392
92359	452
92360	253
92361	0
92362	0
92363	535
92364	36
92365	55
92366	0
92367	248
92368	127
92369	275
92370	144
92371	214
92372	72
92373	232
92374	0
92375	35
92376	1
92377	0
92378	49
92379	191
92380	4
92381	455
92382	699
92383	189
92384	1
92385	21
92386	670
92387	445
92388	175
92389	308
92390	218
92391	184
92392	272
92393	188
92394	563
92395	285
92396	1
92397	0
92398	35
92399	697
92400	895
92401	195
92402	413
92403	178
92404	169
92405	6
92406	2
92407	0
92408	237
92409	338
92410	143
92411	186
92412	35
92413	36
92414	87
92415	108
92416	67
92417	112
92418	17
92419	0
92420	178
92421	285
92422	146
92423	115
92424	49
92425	155
92426	212
92427	553
92428	117
92429	264
92430	306
92431	0
92432	175
92433	40
92434	152
92435	212
92436	382
92437	299
92438	456
92439	284
92440	131
92441	7
92442	317
92443	76
92444	3
92445	10
92446	25
92447	227
92448	15
92449	674
92450	87
92451	85
92452	0
92453	20
92454	124
92455	130
92456	68
92457	590
92458	120
92459	266
92460	159
92461	4
92462	438
92463	100
92464	118
92465	271
92466	456
92467	283
92468	145
92469	53
92470	159
92471	68
92472	210
92473	17
92474	289
92475	367
92476	157
92477	374
92478	415
92479	321
92480	374
92481	446
92482	23
92483	0
92484	380
92485	270
92486	4
92487	646
92488	512
92489	95
92490	49
92491	431
92492	181
92493	126
92494	20
92495	195
92496	336
92497	237
92498	324
92499	397
92500	212
92501	368
92502	177
92503	6
92504	160
92505	0
92506	262
92507	198
92508	0
92509	0
92510	327
92511	207
92512	4
92513	0
92514	0
92515	9
92516	48
92517	201
92518	134
92519	248
92520	369
92521	346
92522	66
92523	319
92524	60
92525	0
92526	341
92527	395
92528	338
92529	0
92530	0
92531	242
92532	105
92533	573
92534	286
92535	49
92536	324
92537	188
92538	132
92539	209
92540	177
92541	162
92542	82
92543	213
92544	0
92545	305
92546	654
92547	258
92548	394
92549	56
92550	1071
92551	142
92552	302
92553	94
92554	490
92555	621
92556	474
92557	239
92558	203
92559	418
92560	358
92561	304
92562	471
92563	20
92564	38
92565	20
92566	30
92567	270
92568	20
92569	98
92570	161
92571	801
92572	335
92573	28
92574	610
92575	369
92576	131
92577	716
92578	598
92579	649
92580	54
92581	250
92582	8
92583	270
92584	550
92585	256
92586	35
92587	35
92588	4
92589	35
92590	0
92591	44
92592	89
92593	78
92594	169
92595	456
92596	275
92597	375
92598	272
92599	99
92600	276
92601	10
92602	45
92603	502
92604	343
92605	230
92606	230
92607	333
92608	74
92609	208
92610	257
92611	136
92612	14
92613	1
92614	184
92615	127
92616	53
92617	243
92618	305
92619	1
92620	29
92621	294
92622	159
92623	428
92624	444
92625	464
92626	5
92627	94
92628	0
92629	367
92630	45
92631	136
92632	457
92633	22
92634	243
92635	317
92636	317
92637	26
92638	423
92639	164
92640	395
92641	297
92642	340
92643	15
92644	260
92645	84
92646	309
92647	353
92648	75
92649	226
92650	240
92651	264
92652	425
92653	236
92654	13
92655	164
92656	257
92657	189
92658	296
92659	108
92660	218
92661	169
92662	2
92663	273
92664	202
92665	199
92666	312
92667	0
92668	3
92669	346
92670	50
92671	450
92672	7
92673	331
92674	10
92675	1
92676	274
92677	262
92678	405
92679	81
92680	491
92681	55
92682	214
92683	330
92684	455
92685	110
92686	0
92687	118
92688	152
92689	0
92690	384
92691	374
92692	375
92693	1
92694	15
92695	20
92696	35
92697	616
92698	376
92699	99
92700	447
92701	97
92702	150
92703	106
92704	228
92705	380
92706	158
92707	617
92708	121
92709	86
92710	133
92711	110
92712	133
92713	413
92714	207
92715	308
92716	336
92717	227
92718	0
92719	15
92720	0
92721	306
92722	0
92723	0
92724	167
92725	10
92726	24
92727	218
92728	292
92729	20
92730	0
