9356	371
9357	4
9358	387
9359	10
9360	652
9361	557
9362	64
9363	706
9364	456
9365	544
9366	422
9367	685
9368	24
9369	10
9370	127
9371	111
9372	281
9373	117
9374	643
9375	322
9376	36
9377	0
9378	467
9379	731
9380	176
9381	310
9382	19
9383	10
9384	167
9385	936
9386	251
9387	677
9388	788
9389	483
9390	422
9391	652
9392	560
9393	12
9394	523
9395	339
9396	445
9397	243
9398	165
9399	246
9400	278
9401	30
9402	360
9403	70
9404	1009
9405	363
9406	585
9407	668
9408	711
9409	121
9410	60
9411	834
9412	1131
9413	733
9414	543
9415	748
9416	476
9417	614
9418	1167
9419	932
9420	764
9421	0
9422	98
9423	267
9424	158
9425	572
9426	445
9427	39
9428	116
9429	295
9430	489
9431	815
9432	277
9433	226
9434	59
9435	784
9436	846
9437	69
9438	588
9439	548
9440	770
9441	419
9442	76
9443	206
9444	828
9445	523
9446	70
9447	6
9448	401
9449	530
9450	237
9451	454
9452	432
9453	502
9454	56
9455	122
9456	48
9457	149
9458	714
9459	189
9460	474
9461	450
9462	459
9463	549
9464	138
9465	362
9466	268
9467	433
9468	0
9469	123
9470	136
9471	10
9472	39
9473	35
9474	87
9475	0
9476	648
9477	562
9478	550
9479	61
9480	571
9481	805
9482	626
9483	38
9484	634
9485	12
9486	578
9487	873
9488	37
9489	280
9490	1174
9491	1232
9492	281
9493	247
9494	418
9495	596
9496	450
9497	134
9498	4
9499	262
9500	538
9501	598
9502	84
9503	171
9504	220
9505	68
9506	533
9507	292
9508	669
9509	623
9510	8
9511	204
9512	321
9513	363
9514	605
9515	451
9516	653
9517	137
9518	362
9519	331
9520	468
9521	1088
9522	52
9523	309
9524	30
9525	348
9526	280
9527	374
9528	514
9529	474
9530	291
9531	84
9532	84
9533	12
9534	431
9535	615
9536	351
9537	985
9538	174
9539	278
9540	226
9541	362
9542	364
9543	444
9544	661
9545	256
9546	189
9547	322
9548	98
9549	349
9550	73
9551	35
9552	124
9553	354
9554	132
9555	310
9556	129
9557	84
9558	20
9559	640
9560	207
9561	616
9562	70
9563	589
9564	456
9565	362
9566	301
9567	485
9568	50
9569	97
9570	318
9571	550
9572	318
9573	398
9574	66
9575	180
9576	337
9577	855
9578	609
9579	688
9580	52
9581	324
9582	84
9583	283
9584	315
9585	59
9586	282
9587	0
9588	242
9589	884
9590	797
9591	801
9592	946
9593	677
9594	818
9595	184
9596	48
9597	617
9598	1016
9599	933
9600	464
9601	56
9602	857
9603	883
9604	415
9605	435
9606	554
9607	59
9608	786
9609	724
9610	528
9611	428
9612	553
9613	429
9614	374
9615	319
9616	238
9617	552
9618	515
9619	433
9620	353
9621	17
9622	755
9623	725
9624	468
9625	50
9626	306
9627	675
9628	669
9629	497
9630	432
9631	845
9632	627
9633	1
9634	166
9635	0
9636	421
9637	104
9638	0
9639	422
9640	582
9641	0
9642	484
9643	22
9644	336
9645	895
9646	930
9647	677
9648	373
9649	690
9650	513
9651	432
9652	11
9653	622
9654	563
9655	364
9656	1087
9657	14
9658	786
9659	829
9660	589
9661	358
9662	571
9663	439
9664	0
9665	22
9666	97
9667	116
9668	127
9669	302
9670	549
9671	417
9672	59
9673	93
9674	297
9675	424
9676	367
9677	572
9678	260
9679	37
9680	28
9681	283
9682	270
9683	472
9684	70
9685	693
9686	512
9687	93
9688	461
9689	442
9690	532
9691	204
9692	542
9693	506
9694	405
9695	1
9696	4
9697	384
9698	725
9699	503
9700	581
9701	765
9702	612
9703	731
9704	110
9705	35
9706	575
9707	1069
9708	933
9709	20
9710	657
9711	97
9712	313
9713	327
9714	462
9715	10
9716	147
9717	118
9718	245
9719	419
9720	622
9721	481
9722	15
9723	523
9724	695
9725	432
9726	321
9727	4
9728	646
9729	305
9730	928
9731	502
9732	833
9733	477
9734	788
9735	115
9736	836
9737	34
9738	37
9739	1064
9740	403
9741	955
9742	771
9743	423
9744	170
9745	310
9746	199
9747	437
9748	420
9749	26
9750	145
9751	10
9752	528
9753	380
9754	600
9755	0
9756	285
9757	60
9758	39
9759	617
9760	23
9761	736
9762	457
9763	20
9764	38
9765	613
9766	524
9767	48
9768	595
9769	105
9770	713
9771	53
9772	405
9773	69
9774	628
9775	794
9776	895
9777	473
9778	227
9779	13
9780	19
9781	314
9782	115
9783	92
9784	267
9785	10
9786	23
9787	259
9788	106
9789	100
9790	383
9791	289
9792	487
9793	97
9794	2
9795	615
9796	619
9797	84
9798	41
9799	53
9800	602
9801	21
9802	21
9803	555
9804	46
9805	683
9806	21
9807	156
9808	199
9809	270
9810	649
9811	174
9812	326
9813	25
9814	298
9815	23
9816	372
9817	170
9818	414
9819	538
9820	12
9821	0
9822	1056
9823	0
9824	389
9825	10
9826	389
9827	743
9828	843
9829	825
9830	46
9831	954
9832	241
9833	337
9834	3
9835	4
9836	211
9837	0
9838	515
9839	96
9840	497
9841	526
9842	488
9843	210
9844	1012
9845	30
9846	455
9847	351
9848	222
9849	388
9850	636
9851	676
9852	836
9853	1
9854	109
9855	559
9856	724
9857	339
9858	542
9859	275
9860	494
9861	22
9862	43
9863	19
9864	89
9865	541
9866	122
9867	106
9868	49
9869	478
9870	269
9871	4
9872	465
9873	386
9874	744
9875	955
9876	250
9877	6
9878	737
9879	536
9880	371
9881	707
9882	84
9883	697
9884	625
9885	246
9886	45
9887	679
9888	628
9889	394
9890	614
9891	28
9892	303
9893	750
9894	481
9895	3
9896	201
9897	130
9898	460
9899	4
9900	383
9901	83
9902	320
9903	684
9904	687
9905	255
9906	50
9907	555
9908	35
9909	647
9910	471
9911	4
9912	587
9913	791
9914	82
9915	12
9916	120
9917	133
9918	0
9919	596
9920	68
9921	332
9922	588
9923	681
9924	314
9925	267
9926	212
9927	0
9928	713
9929	483
9930	109
9931	120
9932	46
9933	534
9934	555
9935	430
9936	352
9937	761
9938	818
9939	583
9940	676
9941	314
9942	262
9943	28
9944	29
9945	699
9946	0
9947	285
9948	829
9949	239
9950	383
9951	167
9952	30
9953	676
9954	10
9955	225
9956	31
9957	172
9958	250
9959	103
9960	220
9961	420
9962	120
9963	287
9964	1
9965	10
9966	492
9967	534
9968	30
9969	608
9970	37
9971	213
9972	781
9973	334
9974	82
9975	29
9976	403
9977	501
9978	169
9979	497
9980	559
9981	720
9982	600
9983	580
9984	611
9985	541
9986	474
9987	406
9988	562
9989	514
9990	928
9991	481
9992	315
9993	4
9994	582
9995	397
9996	259
9997	874
9998	759
9999	397
10000	272
10001	540
10002	673
10003	1
10004	455
10005	245
10006	944
10007	757
10008	431
10009	11
10010	133
10011	1090
10012	404
10013	71
10014	86
10015	219
10016	500
10017	595
10018	1024
10019	120
10020	481
10021	70
10022	33
10023	558
10024	572
10025	605
10026	527
10027	581
10028	832
10029	127
10030	600
10031	771
10032	654
10033	72
10034	549
10035	350
10036	6
10037	526
10038	0
10039	95
10040	364
10041	523
10042	231
10043	105
10044	36
10045	148
10046	0
10047	123
10048	431
10049	236
10050	576
10051	16
10052	746
10053	15
10054	609
10055	120
10056	290
10057	12
10058	500
10059	873
10060	48
10061	97
10062	137
10063	21
10064	680
10065	24
10066	133
10067	495
10068	293
10069	121
10070	47
10071	363
10072	274
10073	946
10074	173
10075	110
10076	513
10077	509
10078	569
10079	10
10080	660
10081	403
10082	427
10083	476
10084	6
10085	631
10086	179
10087	322
10088	631
10089	440
10090	109
10091	241
10092	288
10093	553
10094	0
10095	225
10096	701
10097	115
10098	600
10099	555
10100	901
10101	48
10102	1040
10103	118
10104	106
10105	39
10106	590
10107	380
10108	442
10109	379
10110	367
10111	470
10112	106
10113	698
10114	183
10115	34
10116	318
10117	214
10118	465
10119	4
10120	243
10121	818
10122	438
10123	26
10124	56
10125	641
10126	0
10127	299
10128	51
10129	68
10130	804
10131	0
10132	91
10133	193
10134	10
10135	772
10136	19
10137	381
10138	737
10139	890
10140	569
10141	64
10142	704
10143	573
10144	448
10145	524
10146	70
10147	43
10148	284
10149	491
10150	588
10151	95
10152	165
10153	505
10154	629
10155	494
10156	86
10157	350
10158	495
10159	26
10160	13
10161	474
10162	318
10163	28
10164	6
10165	415
10166	161
10167	349
10168	181
10169	271
10170	122
10171	560
10172	806
10173	454
10174	334
10175	408
10176	599
10177	62
10178	485
10179	46
10180	742
10181	117
10182	81
10183	4
10184	1
10185	288
