83294	1060
83295	1008
83296	56
83297	39
83298	0
83299	469
83300	702
83301	761
83302	1106
83303	814
83304	198
83305	490
83306	793
83307	153
83308	315
83309	422
83310	554
83311	574
83312	361
83313	1038
83314	133
83315	45
83316	84
83317	738
83318	206
83319	501
83320	74
83321	281
83322	356
83323	21
83324	489
83325	855
83326	20
83327	6
83328	793
83329	94
83330	145
83331	11
83332	0
83333	61
83334	17
83335	44
83336	168
83337	207
83338	66
83339	56
83340	710
83341	686
83342	625
83343	0
83344	217
83345	446
83346	586
83347	473
83348	789
83349	788
83350	506
83351	56
83352	608
83353	578
83354	315
83355	482
83356	533
83357	363
83358	165
83359	305
83360	2
83361	348
83362	585
83363	7
83364	267
83365	506
83366	964
83367	990
83368	20
83369	64
83370	392
83371	112
83372	73
83373	6
83374	378
83375	448
83376	100
83377	0
83378	27
83379	562
83380	94
83381	365
83382	41
83383	347
83384	459
83385	242
83386	477
83387	373
83388	149
83389	615
83390	440
83391	38
83392	469
83393	22
83394	20
83395	0
83396	56
83397	1047
83398	250
83399	379
83400	246
83401	429
83402	55
83403	535
83404	114
83405	471
83406	129
83407	486
83408	207
83409	84
83410	755
83411	84
83412	516
83413	54
83414	204
83415	610
83416	506
83417	359
83418	35
83419	94
83420	300
83421	278
83422	543
83423	573
83424	422
83425	117
83426	364
83427	418
83428	185
83429	135
83430	284
83431	341
83432	298
83433	110
83434	204
83435	227
83436	619
83437	71
83438	716
83439	300
83440	70
83441	487
83442	983
83443	631
83444	1
83445	120
83446	490
83447	715
83448	47
83449	88
83450	27
83451	268
83452	644
83453	158
83454	490
83455	374
83456	162
83457	10
83458	4
83459	446
83460	340
83461	589
83462	863
83463	941
83464	593
83465	439
83466	332
83467	593
83468	692
83469	11
83470	155
83471	356
83472	19
83473	431
83474	114
83475	514
83476	666
83477	402
83478	196
83479	202
83480	236
83481	132
83482	582
83483	871
83484	10
83485	6
83486	321
83487	26
83488	242
83489	265
83490	233
83491	4
83492	378
83493	674
83494	91
83495	132
83496	20
83497	273
83498	61
83499	609
83500	1
83501	8
83502	432
83503	744
83504	58
83505	47
83506	762
83507	589
83508	349
83509	491
83510	380
83511	768
83512	658
83513	573
83514	400
83515	305
83516	31
83517	56
83518	20
83519	734
83520	624
83521	103
83522	0
83523	492
83524	455
83525	105
83526	143
83527	21
83528	371
83529	79
83530	903
83531	118
83532	613
83533	527
83534	574
83535	519
83536	28
83537	0
83538	21
83539	20
83540	0
83541	320
83542	57
83543	723
83544	486
83545	236
83546	614
83547	458
83548	325
83549	588
83550	796
83551	18
83552	190
83553	218
83554	248
83555	211
83556	218
83557	460
83558	57
83559	562
83560	391
83561	0
83562	630
83563	10
83564	282
83565	28
83566	2
83567	358
83568	1
83569	824
83570	56
83571	94
83572	9
83573	635
83574	608
83575	165
83576	6
83577	382
83578	384
83579	22
83580	182
83581	651
83582	455
83583	111
83584	466
83585	84
83586	441
83587	178
83588	37
83589	11
83590	48
83591	331
83592	234
83593	518
83594	722
83595	216
83596	339
83597	76
83598	27
83599	190
83600	179
83601	44
83602	125
83603	30
83604	106
83605	471
83606	259
83607	648
83608	20
83609	4
83610	23
83611	397
83612	142
83613	487
83614	532
83615	523
83616	662
83617	10
83618	507
83619	297
83620	1
83621	505
83622	192
83623	0
83624	347
83625	0
83626	364
83627	235
83628	581
83629	172
83630	140
83631	212
83632	727
83633	91
83634	324
83635	267
83636	232
83637	0
83638	22
83639	165
83640	220
83641	165
83642	818
83643	786
83644	803
83645	589
83646	179
83647	943
83648	809
83649	182
83650	337
83651	383
83652	887
83653	120
83654	37
83655	297
83656	73
83657	349
83658	110
83659	76
83660	691
83661	303
83662	429
83663	0
83664	331
83665	396
83666	119
83667	0
83668	50
83669	281
83670	429
83671	59
83672	390
83673	2
83674	1011
83675	656
83676	1
83677	24
83678	164
83679	795
83680	756
83681	130
83682	342
83683	622
83684	372
83685	191
83686	694
83687	80
83688	22
83689	40
83690	601
83691	461
83692	45
83693	540
83694	48
83695	511
83696	0
83697	12
83698	614
83699	468
83700	261
83701	598
83702	139
83703	176
83704	264
83705	350
83706	562
83707	450
83708	88
83709	91
83710	331
83711	375
83712	37
83713	234
83714	54
83715	110
83716	13
83717	559
83718	306
83719	233
83720	733
83721	561
83722	524
83723	998
83724	516
83725	43
83726	116
83727	638
83728	2
83729	902
83730	1
83731	686
83732	446
83733	251
83734	614
83735	730
83736	362
83737	195
83738	0
83739	88
83740	571
83741	835
83742	0
83743	463
83744	417
83745	406
83746	24
83747	588
83748	440
83749	689
83750	499
83751	693
83752	126
83753	310
83754	116
83755	56
83756	1047
83757	787
83758	96
83759	161
83760	712
83761	466
83762	120
83763	691
83764	645
83765	513
83766	790
83767	4
83768	61
83769	391
83770	374
83771	5
83772	84
83773	23
83774	208
83775	4
83776	60
83777	495
83778	22
83779	4
83780	133
83781	566
83782	753
83783	71
83784	402
83785	20
83786	42
83787	327
83788	439
83789	20
83790	737
83791	755
83792	0
83793	69
83794	581
83795	597
83796	0
83797	10
83798	28
83799	145
83800	438
83801	1
83802	285
83803	73
83804	416
83805	445
83806	387
83807	867
83808	653
83809	45
83810	22
83811	22
83812	107
83813	432
83814	165
83815	172
83816	483
83817	744
83818	100
83819	317
83820	77
83821	328
83822	140
83823	97
83824	7
83825	0
83826	269
83827	646
83828	11
83829	72
83830	361
83831	690
83832	447
83833	684
83834	564
83835	122
83836	137
83837	0
83838	4
83839	440
83840	457
83841	440
83842	810
83843	225
83844	4
83845	456
83846	232
83847	0
83848	544
83849	666
83850	549
83851	562
83852	385
83853	777
83854	38
83855	575
83856	113
83857	4
83858	226
83859	423
83860	351
83861	304
83862	52
83863	530
83864	6
83865	23
83866	197
83867	474
83868	221
83869	359
83870	315
83871	0
83872	242
83873	10
83874	268
83875	341
83876	212
83877	23
83878	532
83879	660
83880	24
83881	13
83882	0
83883	233
83884	1
83885	146
83886	492
83887	317
83888	225
83889	469
83890	470
83891	40
83892	136
83893	429
83894	429
83895	17
83896	100
83897	80
83898	169
83899	10
83900	513
83901	599
83902	306
83903	284
83904	767
83905	384
83906	46
83907	401
83908	98
83909	218
83910	463
83911	374
83912	8
83913	456
83914	556
83915	120
83916	472
83917	84
83918	953
83919	348
83920	355
83921	375
83922	64
83923	56
83924	382
83925	154
83926	354
83927	988
83928	69
83929	245
83930	15
83931	563
83932	506
83933	471
83934	933
83935	497
83936	19
83937	115
83938	3
83939	523
83940	559
83941	1
83942	330
83943	326
83944	331
83945	0
83946	31
83947	0
83948	287
83949	0
83950	0
83951	180
83952	173
83953	276
83954	351
83955	87
83956	507
83957	0
83958	665
83959	487
83960	1072
83961	474
83962	723
83963	215
83964	16
83965	323
83966	37
83967	592
83968	22
83969	5
83970	196
83971	210
83972	368
83973	209
83974	160
83975	332
83976	370
83977	56
83978	148
83979	633
83980	721
83981	234
83982	625
83983	525
83984	0
83985	0
83986	432
83987	639
83988	652
83989	741
83990	4
83991	26
83992	656
83993	56
83994	591
83995	503
83996	333
83997	10
83998	278
83999	0
84000	344
84001	10
84002	19
84003	94
84004	38
84005	707
84006	562
84007	427
84008	365
84009	31
84010	428
