96597	194
96598	656
96599	632
96600	187
96601	325
96602	435
96603	1072
96604	744
96605	973
96606	348
96607	825
96608	370
96609	498
96610	736
96611	660
96612	354
96613	22
96614	225
96615	670
96616	521
96617	617
96618	605
96619	663
96620	522
96621	502
96622	567
96623	332
96624	401
96625	287
96626	314
96627	483
96628	60
96629	443
96630	0
96631	54
96632	103
96633	653
96634	802
96635	431
96636	542
96637	874
96638	645
96639	552
96640	385
96641	729
96642	532
96643	402
96644	670
96645	565
96646	20
96647	104
96648	283
96649	174
96650	319
96651	896
96652	10
96653	984
96654	865
96655	597
96656	221
96657	254
96658	120
96659	675
96660	72
96661	452
96662	375
96663	16
96664	20
96665	220
96666	369
96667	377
96668	395
96669	830
96670	773
96671	361
96672	418
96673	385
96674	138
96675	272
96676	597
96677	1
96678	824
96679	181
96680	626
96681	230
96682	133
96683	571
96684	376
96685	84
96686	255
96687	6
96688	495
96689	448
96690	866
96691	56
96692	489
96693	1
96694	500
96695	268
96696	322
96697	319
96698	499
96699	49
96700	1
96701	408
96702	339
96703	84
96704	136
96705	544
96706	161
96707	294
96708	331
96709	76
96710	533
96711	56
96712	260
96713	414
96714	403
96715	1
96716	297
96717	499
96718	631
96719	740
96720	827
96721	217
96722	513
96723	430
96724	246
96725	496
96726	725
96727	44
96728	303
96729	456
96730	382
96731	55
96732	163
96733	56
96734	165
96735	996
96736	363
96737	10
96738	56
96739	20
96740	461
96741	512
96742	318
96743	815
96744	694
96745	405
96746	93
96747	746
96748	524
96749	21
96750	0
96751	423
96752	323
96753	207
96754	129
96755	733
96756	738
96757	310
96758	376
96759	326
96760	257
96761	274
96762	523
96763	119
96764	427
96765	261
96766	264
96767	510
96768	294
96769	318
96770	597
96771	166
96772	1
96773	250
96774	417
96775	653
96776	476
96777	120
96778	809
96779	741
96780	157
96781	322
96782	472
96783	584
96784	164
96785	10
96786	861
96787	595
96788	214
96789	697
96790	964
96791	517
96792	766
96793	26
96794	444
96795	41
96796	198
96797	84
96798	748
96799	613
96800	631
96801	497
96802	557
96803	428
96804	475
96805	440
96806	455
96807	64
96808	31
96809	431
96810	570
96811	399
96812	555
96813	265
96814	720
96815	801
96816	52
96817	136
96818	140
96819	187
96820	532
96821	995
96822	387
96823	674
96824	339
96825	539
96826	619
96827	383
96828	42
96829	776
96830	228
96831	284
96832	559
96833	538
96834	0
96835	307
96836	148
96837	439
96838	572
96839	36
96840	722
96841	163
96842	696
96843	607
96844	41
96845	624
96846	0
96847	324
96848	181
96849	699
96850	368
96851	295
96852	505
96853	559
96854	388
96855	1004
96856	371
96857	17
96858	256
96859	568
96860	347
96861	173
96862	823
96863	561
96864	245
96865	368
96866	590
96867	811
96868	700
96869	910
96870	331
96871	735
96872	336
96873	333
96874	327
96875	451
96876	205
96877	591
96878	525
96879	264
96880	79
96881	178
96882	573
96883	399
96884	806
96885	23
96886	914
96887	1056
96888	713
96889	485
96890	495
96891	657
96892	471
96893	313
96894	316
96895	863
96896	0
96897	84
96898	801
96899	120
96900	169
96901	77
96902	727
96903	690
96904	414
96905	208
96906	222
96907	540
96908	383
96909	412
96910	470
96911	165
96912	432
96913	459
96914	441
96915	376
96916	286
96917	343
96918	378
96919	417
96920	24
96921	469
96922	269
96923	38
96924	248
96925	65
96926	116
96927	35
96928	379
96929	234
96930	297
96931	249
96932	515
96933	491
96934	341
96935	120
96936	332
96937	757
96938	472
96939	406
96940	581
96941	626
96942	267
96943	487
96944	218
96945	55
96946	0
96947	455
96948	441
96949	644
96950	286
96951	197
96952	644
96953	427
96954	63
96955	222
96956	513
96957	257
96958	385
96959	46
96960	793
96961	497
96962	35
96963	640
96964	11
96965	84
96966	472
96967	489
96968	473
96969	147
96970	464
96971	4
96972	879
96973	168
96974	0
96975	927
96976	224
96977	805
96978	39
96979	1
96980	298
96981	2
96982	118
96983	451
96984	278
96985	248
96986	1020
96987	228
96988	336
96989	834
96990	650
96991	471
96992	648
96993	226
96994	152
96995	172
96996	121
96997	398
96998	433
96999	217
97000	238
97001	376
97002	219
97003	507
97004	412
97005	214
97006	425
97007	390
97008	323
97009	34
97010	651
97011	446
97012	392
97013	463
97014	551
97015	554
97016	701
97017	897
97018	550
97019	423
97020	214
97021	39
97022	57
97023	36
97024	546
97025	301
97026	540
97027	680
97028	549
97029	265
97030	140
97031	699
97032	251
97033	995
97034	287
97035	173
97036	437
97037	371
97038	72
97039	179
97040	49
97041	470
97042	266
97043	250
97044	448
97045	303
97046	792
97047	72
97048	41
97049	657
97050	735
97051	458
97052	111
97053	380
97054	37
97055	486
97056	611
97057	35
97058	70
97059	685
97060	168
97061	865
97062	903
97063	441
97064	275
97065	134
97066	503
97067	373
97068	70
97069	748
97070	492
97071	141
97072	408
97073	549
97074	202
97075	428
97076	735
97077	2
97078	78
97079	658
97080	271
97081	110
97082	0
97083	245
97084	21
97085	254
97086	182
97087	827
97088	411
97089	353
97090	584
97091	696
97092	389
97093	13
97094	406
97095	492
97096	539
97097	850
97098	776
97099	22
97100	817
97101	426
97102	896
97103	21
97104	374
97105	708
97106	20
97107	423
97108	494
97109	230
97110	334
97111	550
97112	415
97113	481
97114	727
97115	638
97116	713
97117	686
97118	558
97119	734
97120	252
97121	436
97122	368
97123	797
97124	689
97125	874
97126	42
97127	536
97128	677
97129	431
97130	394
97131	133
97132	347
97133	261
97134	439
97135	111
97136	312
97137	115
97138	548
97139	101
97140	179
97141	503
97142	423
97143	521
97144	631
97145	268
97146	8
97147	327
97148	418
97149	744
97150	1
97151	198
97152	414
97153	706
97154	663
97155	101
97156	481
97157	476
97158	323
97159	397
97160	403
97161	100
97162	601
97163	576
97164	212
97165	134
97166	301
97167	526
97168	212
97169	710
97170	786
97171	750
97172	84
97173	228
97174	489
97175	35
97176	591
97177	649
97178	457
97179	265
97180	84
97181	64
97182	384
97183	561
97184	116
97185	171
97186	214
97187	258
97188	324
97189	526
97190	717
97191	20
97192	538
97193	680
97194	221
97195	796
97196	325
97197	390
97198	419
97199	308
97200	879
97201	999
97202	39
97203	213
