54121	170
54122	22
54123	0
54124	84
54125	23
54126	61
54127	577
54128	136
54129	0
54130	233
54131	462
54132	727
54133	592
54134	312
54135	47
54136	332
54137	282
54138	215
54139	142
54140	5
54141	0
54142	0
54143	247
54144	1
54145	9
54146	0
54147	256
54148	347
54149	332
54150	234
54151	481
54152	512
54153	307
54154	58
54155	275
54156	0
54157	35
54158	183
54159	257
54160	5
54161	240
54162	2
54163	79
54164	34
54165	292
54166	370
54167	113
54168	0
54169	609
54170	112
54171	294
54172	74
54173	391
54174	56
54175	10
54176	173
54177	282
54178	72
54179	226
54180	56
54181	322
54182	213
54183	304
54184	464
54185	513
54186	10
54187	603
54188	404
54189	11
54190	13
54191	392
54192	115
54193	378
54194	24
54195	35
54196	301
54197	368
54198	539
54199	311
54200	515
54201	303
54202	49
54203	86
54204	14
54205	278
54206	56
54207	20
54208	155
54209	104
54210	408
54211	4
54212	0
54213	571
54214	398
54215	4
54216	32
54217	261
54218	11
54219	318
54220	0
54221	455
54222	439
54223	323
54224	79
54225	4
54226	16
54227	328
54228	4
54229	84
54230	10
54231	238
54232	339
54233	423
54234	634
54235	198
54236	321
54237	113
54238	20
54239	120
54240	84
54241	56
54242	112
54243	0
54244	0
54245	339
54246	344
54247	0
54248	38
54249	138
54250	395
54251	0
54252	80
54253	126
54254	54
54255	38
54256	239
54257	1
54258	10
54259	10
54260	298
54261	86
54262	245
54263	438
54264	9
54265	2
54266	8
54267	15
54268	35
54269	7
54270	58
54271	1
54272	74
54273	75
54274	709
54275	433
54276	26
54277	308
54278	240
54279	11
54280	413
54281	52
54282	112
54283	0
54284	405
54285	345
54286	60
54287	426
54288	0
54289	29
54290	247
54291	329
54292	279
54293	103
54294	5
54295	11
54296	394
54297	94
54298	120
54299	364
54300	244
54301	335
54302	95
54303	497
54304	523
54305	241
54306	75
54307	148
54308	36
54309	114
54310	0
54311	0
54312	99
54313	1
54314	175
54315	180
54316	404
54317	314
54318	104
54319	65
54320	10
54321	7
54322	10
54323	443
54324	4
54325	1
54326	7
54327	0
54328	84
54329	156
54330	129
54331	382
54332	281
54333	129
54334	0
54335	4
54336	77
54337	1
54338	156
54339	199
54340	0
54341	12
54342	11
54343	0
54344	31
54345	56
54346	91
54347	44
54348	226
54349	65
54350	240
54351	8
54352	597
54353	0
54354	173
54355	296
54356	109
54357	0
54358	378
54359	334
54360	20
54361	32
54362	315
54363	35
54364	1
54365	311
54366	38
54367	309
54368	220
54369	133
54370	281
54371	192
54372	363
54373	380
54374	291
54375	368
54376	468
54377	85
54378	146
54379	16
54380	412
54381	42
54382	0
54383	72
54384	0
54385	0
54386	0
54387	35
54388	71
54389	97
54390	0
54391	332
54392	0
54393	0
54394	101
54395	73
54396	158
54397	36
54398	14
54399	0
54400	425
54401	228
54402	35
54403	23
54404	20
54405	74
54406	375
54407	397
54408	37
54409	65
54410	0
54411	84
54412	502
54413	0
54414	97
54415	204
54416	86
54417	7
54418	0
54419	247
54420	407
54421	274
54422	0
54423	0
54424	133
54425	188
54426	1
54427	4
54428	156
54429	409
54430	17
54431	35
54432	175
54433	419
54434	73
54435	59
54436	113
54437	4
54438	653
54439	605
54440	354
54441	4
54442	316
54443	459
54444	451
54445	75
54446	4
54447	245
54448	521
54449	20
54450	254
54451	114
54452	77
54453	120
54454	35
54455	285
54456	158
54457	2
54458	0
54459	53
54460	498
54461	6
54462	308
54463	498
54464	27
54465	10
54466	4
54467	8
54468	451
54469	0
54470	212
54471	134
54472	445
54473	0
54474	0
54475	510
54476	20
54477	522
54478	710
54479	263
54480	130
54481	212
54482	4
54483	620
54484	4
54485	57
54486	282
54487	10
54488	293
54489	168
54490	190
54491	251
54492	123
54493	265
54494	205
54495	152
54496	10
54497	85
54498	1
54499	0
54500	167
54501	35
54502	345
54503	259
54504	55
54505	10
54506	271
54507	190
54508	146
54509	26
54510	20
54511	0
54512	150
54513	86
54514	237
54515	3
54516	266
54517	79
54518	10
54519	0
54520	1
54521	246
54522	0
54523	56
54524	162
54525	0
54526	218
54527	0
54528	618
54529	0
54530	73
54531	0
54532	533
54533	299
54534	192
54535	267
54536	91
54537	0
54538	4
54539	44
54540	47
54541	1
54542	67
54543	160
54544	39
54545	58
54546	112
54547	281
54548	0
54549	376
54550	405
54551	10
54552	13
54553	101
54554	0
54555	20
54556	1
54557	0
54558	174
54559	430
54560	6
54561	249
54562	598
54563	377
54564	0
54565	330
54566	420
54567	320
54568	0
54569	36
54570	224
54571	318
54572	29
54573	280
54574	89
54575	340
54576	177
54577	30
54578	84
54579	10
54580	35
54581	84
54582	35
54583	306
54584	0
54585	10
54586	399
54587	391
54588	108
54589	188
54590	1
54591	140
54592	35
54593	396
54594	454
54595	0
54596	789
54597	0
54598	312
54599	56
54600	172
54601	219
54602	142
54603	289
54604	538
54605	0
54606	24
54607	1
54608	4
54609	35
54610	0
54611	8
54612	10
54613	170
54614	34
54615	8
54616	90
54617	1
54618	118
54619	17
54620	10
54621	292
54622	332
54623	120
54624	110
54625	226
54626	0
54627	79
54628	0
54629	56
54630	373
54631	6
54632	43
54633	75
54634	505
54635	0
54636	38
54637	46
54638	309
54639	19
54640	4
54641	55
54642	131
54643	329
54644	8
54645	298
54646	24
54647	81
54648	230
54649	177
54650	55
54651	223
54652	12
54653	241
54654	145
54655	1
54656	2
54657	329
54658	5
54659	278
54660	155
54661	147
54662	2
54663	87
54664	192
54665	160
54666	84
54667	256
54668	35
54669	83
54670	375
54671	1
54672	226
54673	0
54674	290
54675	36
54676	77
54677	161
54678	212
54679	9
54680	14
54681	389
54682	0
54683	52
54684	116
54685	441
54686	1
54687	109
54688	0
54689	301
54690	323
54691	53
54692	291
54693	1
54694	4
54695	131
54696	128
54697	181
54698	191
54699	282
54700	205
54701	338
54702	296
54703	0
54704	277
54705	73
54706	82
54707	92
54708	104
54709	1
54710	56
54711	297
54712	84
54713	166
54714	219
54715	1
54716	10
54717	191
54718	4
54719	205
54720	44
54721	262
54722	56
54723	275
54724	0
54725	52
54726	275
54727	32
54728	247
54729	191
54730	109
54731	0
54732	164
54733	90
54734	0
54735	48
54736	345
54737	10
54738	22
54739	374
54740	105
54741	186
54742	402
54743	19
54744	362
54745	300
54746	367
54747	279
54748	56
54749	28
54750	0
54751	303
54752	22
54753	121
54754	0
54755	236
54756	1
54757	478
54758	12
54759	18
54760	46
54761	235
54762	212
54763	302
54764	10
54765	31
54766	20
54767	35
54768	0
54769	274
54770	83
54771	115
54772	57
54773	594
54774	86
54775	213
54776	141
54777	0
54778	159
54779	348
54780	181
54781	0
54782	189
54783	359
54784	91
54785	3
54786	0
54787	122
54788	273
54789	1
54790	0
54791	0
54792	7
54793	373
54794	2
54795	7
54796	7
54797	37
54798	381
54799	1
54800	452
54801	1
54802	73
54803	644
54804	432
54805	0
54806	24
54807	48
54808	62
54809	1
54810	172
54811	36
54812	79
54813	35
54814	6
54815	3
54816	42
54817	279
54818	51
54819	155
54820	443
54821	44
54822	201
54823	0
54824	340
54825	285
54826	537
54827	342
54828	120
54829	102
54830	1
54831	37
54832	141
54833	456
54834	726
54835	0
54836	278
54837	416
54838	95
54839	173
54840	37
54841	188
54842	0
54843	4
54844	41
54845	33
54846	61
54847	10
54848	10
54849	0
54850	83
54851	35
54852	60
54853	399
54854	0
54855	0
54856	143
54857	249
54858	1
54859	10
54860	1
54861	0
54862	39
54863	361
54864	5
54865	140
54866	671
54867	50
54868	0
54869	10
54870	4
54871	260
54872	112
54873	252
54874	173
54875	160
54876	175
54877	133
54878	0
54879	154
54880	1
54881	42
54882	188
54883	85
54884	87
54885	431
54886	144
54887	39
54888	440
54889	226
54890	20
54891	38
54892	113
54893	0
54894	177
54895	120
54896	405
54897	183
54898	232
54899	404
54900	414
54901	506
54902	424
54903	1
54904	0
54905	22
54906	256
54907	126
54908	179
54909	0
54910	0
54911	36
54912	205
54913	248
54914	0
54915	290
54916	206
54917	37
54918	151
54919	1
54920	56
54921	0
54922	264
54923	812
54924	38
54925	533
54926	4
54927	2
54928	254
54929	247
54930	35
54931	10
54932	11
54933	114
54934	405
54935	165
54936	430
54937	355
54938	789
54939	265
54940	0
54941	116
54942	0
54943	35
54944	20
54945	1
54946	40
54947	22
54948	2
54949	56
54950	335
54951	227
54952	203
54953	179
54954	84
54955	488
54956	562
54957	146
54958	114
54959	287
54960	149
54961	223
54962	273
54963	134
54964	412
54965	119
54966	0
54967	92
54968	118
54969	2
54970	4
54971	307
54972	77
54973	53
54974	48
54975	371
54976	243
54977	123
54978	301
54979	0
54980	869
54981	68
54982	36
54983	1
54984	115
54985	150
54986	90
54987	74
54988	60
54989	0
54990	275
54991	107
54992	106
54993	190
54994	222
54995	100
54996	120
54997	10
54998	56
54999	2
55000	123
55001	415
55002	314
55003	153
55004	0
55005	0
55006	1
55007	25
55008	0
55009	276
55010	313
55011	532
55012	404
55013	558
55014	35
55015	0
55016	276
55017	16
55018	57
55019	35
55020	1
55021	566
