47835	196
47836	322
47837	438
47838	596
47839	205
47840	245
47841	213
47842	55
47843	240
47844	288
47845	183
47846	291
47847	1
47848	100
47849	206
47850	69
47851	63
47852	270
47853	10
47854	321
47855	309
47856	0
47857	41
47858	15
47859	128
47860	11
47861	13
47862	0
47863	9
47864	29
47865	264
47866	308
47867	1
47868	1
47869	85
47870	255
47871	580
47872	31
47873	4
47874	34
47875	295
47876	297
47877	97
47878	253
47879	109
47880	79
47881	87
47882	221
47883	84
47884	158
47885	316
47886	0
47887	1
47888	335
47889	82
47890	0
47891	192
47892	16
47893	471
47894	617
47895	36
47896	0
47897	27
47898	471
47899	207
47900	527
47901	28
47902	372
47903	20
47904	401
47905	166
47906	516
47907	253
47908	96
47909	578
47910	557
47911	77
47912	2
47913	85
47914	1
47915	159
47916	153
47917	487
47918	11
47919	0
47920	1
47921	102
47922	0
47923	0
47924	151
47925	5
47926	7
47927	21
47928	356
47929	279
47930	306
47931	325
47932	382
47933	347
47934	202
47935	101
47936	258
47937	194
47938	293
47939	549
47940	564
47941	549
47942	3
47943	6
47944	57
47945	515
47946	107
47947	22
47948	29
47949	191
47950	277
47951	0
47952	33
47953	306
47954	178
47955	1
47956	94
47957	171
47958	336
47959	11
47960	85
47961	243
47962	492
47963	300
47964	0
47965	35
47966	10
47967	303
47968	257
47969	43
47970	56
47971	57
47972	71
47973	95
47974	34
47975	0
47976	119
47977	13
47978	272
47979	30
47980	58
47981	98
47982	51
47983	122
47984	16
47985	56
47986	12
47987	30
47988	242
47989	292
47990	0
47991	247
47992	0
47993	149
47994	411
47995	50
47996	162
47997	284
47998	0
47999	355
48000	300
48001	14
48002	261
48003	1
48004	1
48005	37
48006	64
48007	0
48008	1
48009	225
48010	458
48011	337
48012	484
48013	359
48014	68
48015	75
48016	248
48017	243
48018	487
48019	247
48020	17
48021	0
48022	217
48023	190
48024	179
48025	29
48026	1
48027	120
48028	685
48029	1
48030	6
48031	234
48032	46
48033	402
48034	291
48035	356
48036	250
48037	238
48038	4
48039	1
48040	4
48041	89
48042	11
48043	32
48044	22
48045	0
48046	119
48047	1
48048	305
48049	53
48050	446
48051	16
48052	0
48053	73
48054	405
48055	102
48056	413
48057	140
48058	182
48059	133
48060	166
48061	63
48062	276
48063	32
48064	10
48065	0
48066	217
48067	223
48068	0
48069	0
48070	32
48071	167
48072	156
48073	292
48074	40
48075	0
48076	209
48077	10
48078	161
48079	164
48080	299
48081	9
48082	223
48083	435
48084	252
48085	212
48086	248
48087	143
48088	120
48089	261
48090	310
48091	11
48092	333
48093	77
48094	322
48095	230
48096	190
48097	241
48098	1
48099	0
48100	35
48101	762
48102	541
48103	342
48104	87
48105	52
48106	188
48107	314
48108	32
48109	140
48110	10
48111	139
48112	71
48113	22
48114	112
48115	88
48116	180
48117	413
48118	321
48119	326
48120	163
48121	268
48122	294
48123	9
48124	12
48125	0
48126	37
48127	1
48128	125
48129	20
48130	348
48131	0
48132	95
48133	102
48134	0
48135	147
48136	165
48137	419
48138	163
48139	44
48140	62
48141	108
48142	290
48143	24
48144	0
48145	136
48146	58
48147	526
48148	670
48149	84
48150	0
48151	0
48152	318
48153	417
48154	405
48155	330
48156	216
48157	5
48158	17
48159	265
48160	355
48161	162
48162	35
48163	25
48164	18
48165	117
48166	0
48167	81
48168	147
48169	646
48170	56
48171	66
48172	170
48173	22
48174	184
48175	129
48176	91
48177	0
48178	278
48179	1
48180	279
48181	137
48182	24
48183	478
48184	56
48185	4
48186	239
48187	32
48188	414
48189	4
48190	322
48191	317
48192	376
48193	375
48194	390
48195	295
48196	454
48197	10
48198	280
48199	0
48200	348
48201	573
48202	853
48203	120
48204	623
48205	716
48206	41
48207	117
48208	45
48209	247
48210	308
48211	168
48212	88
48213	16
48214	13
48215	5
48216	354
48217	420
48218	138
48219	45
48220	0
48221	49
48222	204
48223	0
48224	454
48225	460
48226	197
48227	11
48228	11
48229	13
48230	610
48231	481
48232	65
48233	360
48234	247
48235	328
48236	11
48237	52
48238	65
48239	207
48240	56
48241	1
48242	86
48243	310
48244	27
48245	428
48246	504
48247	414
48248	143
48249	1
48250	0
48251	119
48252	403
48253	291
48254	266
48255	307
48256	105
48257	574
48258	23
48259	5
48260	49
48261	8
48262	119
48263	86
48264	135
48265	30
48266	487
48267	432
48268	18
48269	398
48270	308
48271	757
48272	706
48273	528
48274	628
48275	45
48276	197
48277	312
48278	583
48279	114
48280	105
48281	1
48282	5
48283	82
48284	233
48285	126
48286	14
48287	10
48288	395
48289	122
48290	41
48291	316
48292	98
48293	219
48294	263
48295	4
48296	110
48297	373
48298	94
48299	210
48300	438
48301	286
48302	16
48303	103
48304	181
48305	5
48306	288
48307	51
48308	36
48309	439
48310	393
48311	290
48312	0
48313	342
48314	340
48315	403
48316	356
48317	230
48318	66
48319	376
48320	192
48321	16
48322	56
48323	117
48324	169
48325	57
48326	153
48327	53
48328	20
48329	20
48330	4
48331	178
48332	413
48333	97
48334	11
48335	204
48336	10
48337	258
48338	405
48339	203
48340	433
48341	3
48342	571
48343	76
48344	97
48345	10
48346	510
48347	445
48348	394
48349	160
48350	21
48351	71
48352	20
48353	147
48354	1
48355	1
48356	1
48357	0
48358	79
48359	538
48360	56
48361	249
48362	12
48363	264
48364	133
48365	190
48366	79
48367	190
48368	65
48369	74
48370	683
48371	850
48372	109
48373	231
48374	280
48375	916
48376	395
48377	32
48378	41
48379	10
48380	446
48381	542
48382	413
48383	22
48384	8
48385	307
48386	246
48387	3
48388	0
48389	357
48390	278
48391	224
48392	45
48393	430
48394	24
48395	75
48396	395
48397	101
48398	40
48399	3
48400	161
48401	86
48402	24
48403	4
48404	0
48405	363
48406	56
48407	411
48408	307
48409	0
48410	0
48411	430
48412	11
48413	520
48414	57
48415	1
48416	129
48417	191
48418	0
48419	7
48420	0
48421	37
48422	125
48423	247
48424	31
48425	1
48426	226
48427	330
48428	2
48429	253
48430	10
48431	0
48432	276
48433	463
48434	494
48435	159
48436	477
48437	97
48438	399
48439	247
48440	472
48441	506
48442	434
48443	411
48444	409
48445	627
48446	291
48447	97
48448	310
48449	427
48450	187
48451	20
48452	79
48453	474
48454	224
48455	0
48456	279
48457	978
48458	35
48459	0
48460	179
48461	187
48462	42
48463	86
48464	41
48465	241
48466	5
48467	12
48468	35
48469	4
48470	3
48471	56
48472	250
48473	460
48474	102
48475	0
48476	255
48477	174
48478	282
48479	342
48480	84
48481	136
48482	21
48483	15
48484	22
48485	0
48486	115
48487	108
48488	13
48489	186
48490	0
48491	19
48492	317
48493	36
48494	299
48495	199
48496	642
48497	505
48498	340
48499	18
48500	96
48501	163
48502	56
48503	147
48504	382
48505	571
48506	502
48507	385
48508	4
48509	58
48510	421
48511	114
48512	273
48513	207
48514	20
48515	10
48516	79
48517	70
48518	175
48519	169
48520	178
48521	0
48522	72
48523	266
48524	56
48525	15
48526	219
48527	175
48528	410
48529	62
48530	614
48531	84
48532	0
48533	11
48534	174
48535	48
48536	132
48537	190
48538	356
48539	734
48540	316
48541	210
48542	43
48543	15
48544	2
48545	333
48546	4
48547	210
48548	220
48549	35
48550	445
48551	35
48552	219
48553	6
48554	54
48555	247
48556	0
48557	195
48558	134
48559	247
48560	316
48561	122
48562	141
48563	358
48564	220
48565	103
48566	199
48567	571
48568	493
48569	269
48570	242
48571	19
48572	20
48573	0
48574	298
48575	221
48576	4
48577	453
48578	206
48579	140
48580	218
48581	0
48582	246
48583	84
48584	429
48585	215
48586	418
48587	0
48588	2
48589	61
48590	333
48591	24
48592	1
48593	71
48594	1
48595	322
