87547	0
87548	666
87549	44
87550	234
87551	337
87552	486
87553	4
87554	39
87555	120
87556	692
87557	221
87558	239
87559	217
87560	88
87561	133
87562	84
87563	69
87564	213
87565	114
87566	39
87567	473
87568	260
87569	14
87570	325
87571	278
87572	279
87573	28
87574	236
87575	185
87576	16
87577	0
87578	292
87579	242
87580	190
87581	217
87582	310
87583	390
87584	342
87585	22
87586	387
87587	533
87588	283
87589	614
87590	393
87591	487
87592	420
87593	446
87594	430
87595	380
87596	106
87597	570
87598	520
87599	0
87600	637
87601	64
87602	59
87603	0
87604	21
87605	491
87606	389
87607	145
87608	76
87609	523
87610	588
87611	225
87612	370
87613	533
87614	675
87615	439
87616	561
87617	525
87618	246
87619	171
87620	15
87621	363
87622	29
87623	59
87624	44
87625	440
87626	524
87627	258
87628	305
87629	615
87630	474
87631	449
87632	100
87633	117
87634	47
87635	489
87636	98
87637	568
87638	137
87639	208
87640	70
87641	104
87642	366
87643	198
87644	304
87645	0
87646	339
87647	68
87648	674
87649	10
87650	164
87651	574
87652	558
87653	249
87654	624
87655	848
87656	575
87657	234
87658	518
87659	300
87660	239
87661	313
87662	376
87663	432
87664	43
87665	304
87666	221
87667	693
87668	94
87669	625
87670	308
87671	553
87672	238
87673	530
87674	602
87675	324
87676	209
87677	83
87678	282
87679	449
87680	43
87681	770
87682	666
87683	55
87684	302
87685	384
87686	454
87687	4
87688	294
87689	658
87690	422
87691	165
87692	35
87693	15
87694	455
87695	89
87696	182
87697	664
87698	85
87699	414
87700	100
87701	355
87702	357
87703	234
87704	0
87705	161
87706	459
87707	258
87708	221
87709	11
87710	413
87711	157
87712	184
87713	318
87714	190
87715	110
87716	289
87717	231
87718	50
87719	356
87720	465
87721	438
87722	657
87723	211
87724	547
87725	288
87726	343
87727	375
87728	431
87729	460
87730	95
87731	255
87732	279
87733	178
87734	22
87735	48
87736	68
87737	4
87738	77
87739	587
87740	30
87741	268
87742	251
87743	187
87744	258
87745	752
87746	637
87747	420
87748	660
87749	894
87750	53
87751	213
87752	227
87753	496
87754	528
87755	507
87756	556
87757	394
87758	77
87759	140
87760	9
87761	269
87762	261
87763	3
87764	293
87765	382
87766	145
87767	541
87768	300
87769	39
87770	673
87771	106
87772	156
87773	590
87774	5
87775	4
87776	409
87777	113
87778	334
87779	448
87780	134
87781	312
87782	16
87783	370
87784	350
87785	192
87786	317
87787	614
87788	244
87789	228
87790	88
87791	430
87792	90
87793	486
87794	110
87795	124
87796	101
87797	444
87798	683
87799	50
87800	86
87801	209
87802	350
87803	171
87804	388
87805	633
87806	232
87807	120
87808	598
87809	352
87810	45
87811	144
87812	122
87813	517
87814	336
87815	451
87816	441
87817	359
87818	161
87819	480
87820	366
87821	246
87822	51
87823	204
87824	58
87825	0
87826	186
87827	162
87828	307
87829	68
87830	55
87831	461
87832	504
87833	396
87834	209
87835	129
87836	65
87837	38
87838	337
87839	517
87840	21
87841	564
87842	305
87843	835
87844	712
87845	913
87846	585
87847	305
87848	73
87849	154
87850	558
87851	339
87852	170
87853	349
87854	286
87855	14
87856	314
87857	374
87858	399
87859	460
87860	124
87861	84
87862	267
87863	316
87864	421
87865	385
87866	229
87867	24
87868	40
87869	130
87870	10
87871	387
87872	146
87873	465
87874	452
87875	0
87876	241
87877	359
87878	587
87879	771
87880	714
87881	81
87882	53
87883	451
87884	298
87885	658
87886	461
87887	568
87888	87
87889	21
87890	892
87891	619
87892	405
87893	478
87894	112
87895	565
87896	389
87897	460
87898	100
87899	266
87900	102
87901	0
87902	268
87903	630
87904	139
87905	536
87906	649
87907	34
87908	95
87909	45
87910	78
87911	277
87912	192
87913	460
87914	1
87915	189
87916	347
87917	380
87918	550
87919	56
87920	314
87921	104
87922	233
87923	73
87924	56
87925	62
87926	469
87927	261
87928	28
87929	436
87930	440
87931	328
87932	6
87933	398
87934	57
87935	502
87936	598
87937	646
87938	492
87939	200
87940	210
87941	212
87942	435
87943	606
87944	348
87945	172
87946	0
87947	53
87948	307
87949	182
87950	255
87951	10
87952	72
87953	205
87954	12
87955	185
87956	50
87957	416
87958	633
87959	302
87960	402
87961	2
87962	4
87963	437
87964	323
87965	412
87966	102
87967	215
87968	383
87969	12
87970	47
87971	702
87972	154
87973	359
87974	573
87975	280
87976	359
87977	20
87978	47
87979	696
87980	96
87981	445
87982	555
87983	261
87984	451
87985	69
87986	416
87987	342
87988	418
87989	139
87990	163
87991	747
87992	476
87993	0
87994	118
87995	299
87996	497
87997	373
87998	309
87999	93
88000	159
88001	97
88002	128
88003	99
88004	521
88005	35
88006	36
88007	4
88008	474
88009	352
88010	44
88011	170
88012	221
88013	341
88014	536
88015	469
88016	522
88017	302
88018	129
88019	293
88020	495
88021	303
88022	182
88023	408
88024	303
88025	479
88026	614
88027	271
88028	746
88029	376
88030	338
88031	56
88032	544
88033	243
88034	179
88035	736
88036	212
88037	221
88038	464
88039	623
88040	4
88041	302
88042	458
88043	59
88044	526
88045	315
88046	562
88047	528
88048	0
88049	87
88050	342
88051	771
88052	521
88053	362
88054	363
88055	295
88056	350
88057	395
88058	593
88059	23
88060	559
88061	525
88062	556
88063	436
88064	226
88065	237
88066	303
88067	20
88068	347
88069	539
88070	84
88071	305
88072	207
88073	529
88074	686
88075	347
88076	133
88077	134
88078	53
88079	56
88080	11
88081	587
88082	523
88083	249
88084	81
88085	249
88086	231
88087	161
88088	96
88089	471
88090	283
88091	180
88092	300
88093	531
88094	58
88095	556
88096	156
88097	18
88098	582
88099	281
88100	706
88101	295
88102	219
88103	541
88104	400
88105	295
88106	17
88107	27
88108	731
88109	490
88110	94
88111	22
88112	236
88113	165
88114	228
88115	20
88116	728
88117	632
88118	56
88119	388
88120	101
88121	95
88122	35
88123	325
88124	397
88125	823
88126	120
88127	353
88128	120
88129	296
88130	607
88131	84
88132	153
88133	261
88134	20
88135	399
88136	268
88137	559
88138	31
88139	225
88140	196
88141	255
88142	108
88143	0
88144	264
88145	0
88146	542
88147	543
88148	629
88149	515
88150	279
88151	603
88152	379
88153	0
88154	11
88155	496
88156	339
88157	114
88158	35
88159	133
88160	371
88161	665
88162	572
88163	0
88164	482
88165	416
88166	455
88167	427
88168	129
88169	156
88170	254
88171	373
88172	473
88173	187
88174	260
88175	331
88176	74
88177	6
88178	373
88179	118
88180	10
88181	370
88182	75
88183	531
88184	422
88185	35
88186	317
88187	162
88188	84
88189	700
88190	515
88191	14
88192	213
88193	303
88194	71
88195	378
88196	328
88197	35
88198	453
88199	235
88200	0
88201	29
88202	419
88203	56
88204	634
88205	0
88206	0
88207	311
88208	50
88209	166
88210	5
88211	11
88212	50
88213	749
88214	66
88215	340
88216	225
88217	330
88218	421
88219	538
88220	515
88221	573
88222	379
88223	548
88224	11
88225	300
88226	0
88227	236
88228	450
88229	724
88230	581
88231	65
88232	123
88233	59
88234	65
88235	392
88236	388
88237	93
88238	20
88239	0
88240	222
88241	10
88242	474
88243	299
88244	394
88245	239
88246	42
88247	480
88248	189
88249	151
88250	36
88251	636
88252	418
88253	841
88254	603
88255	766
88256	233
88257	10
88258	681
88259	79
88260	83
88261	0
88262	4
88263	94
88264	56
88265	58
88266	0
88267	38
88268	558
88269	239
88270	32
88271	4
88272	51
88273	21
88274	793
88275	239
88276	544
88277	223
88278	411
88279	867
88280	6
88281	153
88282	567
88283	171
88284	349
88285	496
88286	192
88287	410
88288	131
88289	262
88290	455
88291	205
88292	435
88293	342
88294	353
88295	535
88296	56
88297	15
88298	72
88299	476
88300	50
88301	733
88302	37
88303	121
88304	65
88305	233
88306	176
88307	791
88308	661
88309	58
88310	292
88311	392
88312	10
88313	33
88314	120
88315	230
88316	98
88317	134
88318	24
88319	20
88320	195
88321	21
88322	36
88323	50
88324	327
88325	131
88326	629
88327	56
88328	114
88329	224
88330	248
88331	229
88332	364
88333	296
88334	174
88335	494
88336	0
88337	253
88338	234
88339	6
88340	1
88341	249
88342	359
88343	62
88344	26
88345	323
88346	609
88347	112
88348	386
88349	588
88350	22
88351	26
88352	0
88353	418
88354	649
88355	412
88356	39
88357	157
88358	69
88359	461
88360	398
88361	139
88362	213
88363	365
88364	711
88365	4
88366	545
88367	401
88368	180
88369	145
88370	466
88371	113
88372	132
88373	0
88374	261
88375	605
88376	619
88377	475
88378	537
88379	557
88380	575
88381	726
88382	645
88383	496
88384	740
88385	324
88386	644
88387	523
88388	272
88389	422
88390	328
88391	254
88392	482
88393	514
88394	256
88395	346
88396	252
88397	58
88398	242
88399	455
88400	517
88401	773
88402	817
88403	1057
88404	748
88405	659
88406	275
88407	62
88408	321
88409	38
88410	331
88411	508
88412	316
88413	318
88414	498
88415	443
88416	693
88417	542
88418	530
88419	455
88420	373
88421	0
88422	21
88423	181
88424	602
88425	179
88426	458
88427	128
88428	64
88429	20
88430	57
88431	577
88432	358
88433	506
88434	273
88435	431
88436	536
88437	280
88438	351
88439	195
88440	503
88441	462
88442	887
88443	188
88444	91
88445	41
88446	2
88447	178
88448	455
88449	438
88450	659
88451	385
88452	708
88453	577
88454	388
88455	511
88456	589
88457	282
88458	56
88459	59
88460	409
88461	126
88462	442
88463	52
88464	309
88465	533
88466	19
88467	501
88468	504
88469	2
88470	0
88471	0
88472	552
88473	664
88474	779
88475	161
88476	251
88477	335
88478	242
88479	316
88480	194
88481	638
88482	314
88483	0
88484	108
88485	1
88486	249
88487	82
88488	115
88489	11
88490	512
88491	119
88492	189
88493	269
88494	131
88495	68
88496	424
88497	435
88498	194
88499	693
88500	205
88501	342
88502	478
88503	105
88504	539
88505	348
88506	247
88507	454
88508	568
88509	365
88510	441
88511	235
88512	353
88513	327
88514	243
88515	425
88516	220
88517	239
88518	286
88519	421
88520	338
88521	291
88522	359
88523	472
88524	324
88525	198
88526	10
88527	179
88528	10
88529	5
88530	160
88531	146
88532	404
88533	400
88534	255
88535	428
88536	268
88537	0
88538	560
88539	319
88540	48
88541	732
88542	1
88543	416
88544	5
88545	129
88546	0
88547	212
88548	589
88549	345
88550	1
88551	202
88552	111
88553	18
88554	141
88555	422
88556	111
88557	193
88558	9
88559	1
88560	58
88561	404
88562	367
88563	456
88564	248
88565	568
88566	80
88567	474
88568	72
88569	100
88570	422
88571	151
88572	274
88573	295
88574	378
88575	0
88576	37
88577	537
88578	21
88579	85
88580	0
88581	402
88582	542
88583	330
88584	674
88585	0
88586	10
88587	211
88588	265
88589	379
88590	64
88591	525
88592	4
88593	539
88594	10
88595	656
88596	178
88597	448
88598	316
88599	247
88600	355
88601	482
88602	1
88603	418
88604	392
88605	245
88606	516
88607	10
88608	422
88609	324
88610	136
88611	451
88612	223
88613	80
88614	302
88615	6
88616	327
88617	371
88618	62
88619	382
88620	425
88621	170
88622	464
88623	253
88624	150
88625	119
88626	41
88627	252
88628	464
88629	58
88630	218
88631	20
88632	482
88633	314
88634	4
88635	326
88636	2
88637	364
88638	463
88639	13
88640	244
88641	1
88642	170
88643	275
88644	56
88645	4
88646	472
88647	212
88648	482
88649	148
88650	74
88651	20
88652	202
88653	445
88654	76
88655	114
88656	581
88657	344
88658	184
88659	15
88660	279
88661	397
88662	12
88663	473
88664	10
88665	65
88666	777
88667	532
88668	328
88669	128
88670	35
88671	350
88672	339
88673	397
88674	202
88675	66
88676	385
88677	314
88678	10
88679	0
88680	88
88681	4
88682	383
88683	207
88684	45
88685	296
88686	311
88687	4
88688	627
88689	418
88690	422
88691	863
88692	742
88693	852
88694	446
88695	29
88696	56
88697	155
88698	7
88699	259
88700	102
88701	90
88702	11
88703	32
88704	264
88705	55
88706	366
88707	17
88708	444
88709	57
88710	391
88711	389
88712	476
88713	543
88714	532
88715	60
88716	58
88717	635
88718	509
88719	474
88720	539
88721	459
88722	419
88723	470
88724	495
88725	369
88726	776
88727	574
88728	509
88729	120
88730	249
88731	451
88732	173
88733	35
88734	98
88735	412
88736	560
88737	589
88738	71
88739	534
88740	399
88741	85
88742	56
88743	353
88744	547
88745	534
88746	418
88747	289
88748	110
88749	497
88750	636
88751	2
88752	11
88753	37
88754	332
88755	187
88756	595
88757	56
88758	507
88759	409
88760	524
88761	170
88762	0
88763	131
88764	38
88765	114
88766	675
88767	786
88768	732
88769	652
88770	72
88771	331
88772	558
88773	42
88774	70
88775	622
88776	317
88777	111
88778	320
88779	415
88780	230
88781	270
88782	435
88783	601
88784	18
88785	379
88786	243
88787	67
88788	281
88789	699
88790	139
88791	271
88792	90
88793	321
88794	114
88795	677
88796	613
88797	600
88798	345
88799	30
88800	10
88801	99
88802	429
88803	87
88804	230
88805	313
88806	182
88807	380
88808	0
88809	220
88810	629
88811	424
88812	143
88813	88
88814	8
88815	260
88816	138
88817	662
88818	624
88819	345
88820	174
88821	457
88822	370
88823	552
88824	726
88825	482
88826	498
88827	270
88828	324
88829	545
88830	251
88831	237
88832	4
88833	305
88834	76
88835	401
88836	42
88837	482
88838	665
88839	56
88840	320
88841	290
88842	187
88843	137
88844	8
88845	634
88846	899
88847	586
88848	113
88849	286
88850	292
88851	356
88852	2
88853	274
88854	254
88855	31
88856	688
88857	0
88858	35
88859	643
88860	220
88861	504
88862	424
88863	320
88864	520
88865	477
88866	1
88867	259
88868	358
88869	307
88870	84
88871	320
88872	219
88873	48
88874	170
88875	167
88876	192
88877	562
88878	132
88879	22
88880	1
88881	544
88882	459
88883	433
88884	252
88885	727
88886	36
88887	2
88888	304
88889	271
88890	653
88891	82
88892	79
88893	947
88894	489
88895	405
88896	53
88897	21
88898	1
88899	157
88900	694
88901	475
88902	288
88903	854
88904	698
88905	353
88906	61
88907	367
88908	95
88909	20
88910	539
88911	728
88912	10
88913	0
88914	360
88915	513
88916	483
88917	0
88918	608
88919	84
88920	345
88921	21
88922	281
88923	198
88924	389
88925	134
88926	345
88927	535
88928	327
88929	165
88930	56
88931	158
88932	77
88933	295
88934	195
88935	363
88936	1
88937	0
88938	90
88939	228
88940	261
88941	230
88942	191
88943	41
88944	0
88945	249
88946	545
88947	874
88948	295
88949	295
88950	161
88951	369
88952	51
88953	435
88954	503
88955	80
88956	2
88957	70
88958	305
88959	336
88960	99
88961	491
88962	58
88963	301
88964	385
88965	293
88966	420
88967	517
88968	451
88969	49
88970	380
88971	59
88972	45
88973	571
88974	93
88975	648
88976	488
88977	84
88978	20
88979	2
88980	587
88981	407
88982	644
88983	436
88984	358
88985	116
88986	72
88987	72
88988	1
88989	180
88990	252
88991	207
88992	74
88993	359
88994	541
88995	317
88996	923
88997	80
88998	572
88999	649
89000	822
89001	695
89002	511
89003	496
89004	654
89005	706
89006	475
89007	318
89008	0
89009	30
89010	58
89011	20
89012	695
89013	510
89014	524
89015	439
89016	279
89017	220
89018	1
89019	158
89020	401
89021	601
89022	276
89023	6
89024	512
89025	143
89026	162
89027	645
89028	671
89029	712
89030	1
89031	404
89032	1
89033	324
89034	0
89035	10
89036	127
89037	850
89038	0
89039	342
89040	247
89041	394
89042	286
89043	345
89044	565
89045	575
89046	292
89047	4
89048	72
89049	125
89050	548
89051	32
89052	26
