31339	124
31340	96
31341	0
31342	461
31343	0
31344	454
31345	721
31346	355
31347	816
31348	375
31349	641
31350	285
31351	0
31352	308
31353	264
31354	541
31355	806
31356	289
31357	359
31358	179
31359	312
31360	122
31361	84
31362	415
31363	601
31364	443
31365	132
31366	327
31367	128
31368	1
31369	488
31370	378
31371	611
31372	189
31373	400
31374	14
31375	42
31376	103
31377	30
31378	281
31379	4
31380	58
31381	46
31382	406
31383	2
31384	53
31385	290
31386	44
31387	4
31388	59
31389	24
31390	93
31391	0
31392	38
31393	293
31394	434
31395	591
31396	647
31397	561
31398	522
31399	126
31400	238
31401	455
31402	36
31403	602
31404	235
31405	252
31406	212
31407	45
31408	0
31409	288
31410	1
31411	327
31412	740
31413	993
31414	537
31415	752
31416	680
31417	601
31418	48
31419	247
31420	0
31421	560
31422	496
31423	1
31424	3
31425	451
31426	642
31427	0
31428	558
31429	0
31430	11
31431	376
31432	458
31433	308
31434	304
31435	34
31436	14
31437	87
31438	2
31439	353
31440	411
31441	198
31442	533
31443	562
31444	374
31445	373
31446	309
31447	337
31448	381
31449	458
31450	563
31451	395
31452	520
31453	472
31454	459
31455	56
31456	126
31457	403
31458	69
31459	185
31460	327
31461	448
31462	563
31463	708
31464	606
31465	124
31466	0
31467	50
31468	146
31469	177
31470	113
31471	97
31472	555
31473	335
31474	397
31475	414
31476	1
31477	154
31478	80
31479	10
31480	239
31481	234
31482	345
31483	436
31484	582
31485	283
31486	120
31487	0
31488	37
31489	2
31490	358
31491	594
31492	331
31493	4
31494	179
31495	335
31496	38
31497	399
31498	207
31499	118
31500	412
31501	492
31502	41
31503	0
31504	223
31505	0
31506	467
31507	0
31508	588
31509	85
31510	13
31511	43
31512	61
31513	0
31514	92
31515	918
31516	0
31517	1
31518	567
31519	576
31520	332
31521	113
31522	10
31523	412
31524	123
31525	474
31526	428
31527	515
31528	274
31529	0
31530	269
31531	255
31532	21
31533	31
31534	100
31535	116
31536	0
31537	569
31538	391
31539	41
31540	2
31541	501
31542	0
31543	93
31544	1
31545	0
31546	368
31547	120
31548	245
31549	577
31550	543
31551	394
31552	290
31553	82
31554	49
31555	417
31556	491
31557	183
31558	791
31559	461
31560	35
31561	185
31562	303
31563	14
31564	166
31565	497
31566	1
31567	146
31568	11
31569	10
31570	4
31571	234
31572	100
31573	327
31574	663
31575	593
31576	311
31577	1
31578	62
31579	20
31580	2
31581	25
31582	506
31583	557
31584	54
31585	938
31586	12
31587	469
31588	316
31589	4
31590	8
31591	8
31592	224
31593	10
31594	312
31595	227
31596	35
31597	165
31598	1
31599	51
31600	103
31601	363
31602	287
31603	1
31604	666
31605	470
31606	279
31607	111
31608	2
31609	413
31610	380
31611	158
31612	474
31613	293
31614	382
31615	94
31616	0
31617	0
31618	35
31619	389
31620	363
31621	285
31622	65
31623	48
31624	16
31625	4
31626	295
31627	511
31628	725
31629	0
31630	312
31631	218
31632	42
31633	36
31634	353
31635	136
31636	1
31637	16
31638	44
31639	403
31640	223
31641	7
31642	699
31643	663
31644	1
31645	99
31646	64
31647	0
31648	6
31649	309
31650	298
31651	66
31652	0
31653	506
31654	482
31655	503
31656	499
31657	172
31658	0
31659	362
31660	349
31661	69
31662	409
31663	215
31664	513
31665	344
31666	348
31667	572
31668	4
31669	224
31670	391
31671	28
31672	535
31673	247
31674	3
31675	222
31676	4
31677	437
31678	206
31679	318
31680	358
31681	14
31682	0
31683	1
31684	96
31685	123
31686	42
31687	135
31688	527
31689	3
31690	273
31691	72
31692	88
31693	324
31694	506
31695	635
31696	159
31697	216
31698	153
31699	20
31700	578
31701	571
31702	3
31703	795
31704	326
31705	10
31706	598
31707	638
31708	741
31709	834
31710	507
31711	3
31712	457
31713	194
31714	13
31715	84
31716	482
31717	714
31718	4
31719	3
31720	17
31721	0
31722	122
31723	91
31724	343
31725	101
31726	50
31727	135
31728	57
31729	452
31730	649
31731	54
31732	440
31733	104
31734	0
31735	20
31736	443
31737	0
31738	380
31739	3
31740	113
31741	632
31742	0
31743	20
31744	675
31745	762
31746	350
31747	595
31748	408
31749	269
31750	5
31751	210
31752	399
31753	222
31754	584
31755	56
31756	11
31757	0
31758	244
31759	379
31760	345
31761	534
31762	71
31763	668
31764	0
31765	0
31766	147
31767	0
31768	186
31769	0
31770	122
31771	593
31772	16
31773	635
31774	384
31775	337
31776	221
31777	381
31778	6
31779	26
31780	489
31781	473
31782	397
31783	366
31784	75
31785	404
31786	689
31787	4
31788	382
31789	74
31790	12
31791	108
31792	381
31793	755
31794	578
31795	1056
31796	572
31797	569
31798	463
31799	205
31800	273
31801	138
31802	10
31803	5
31804	175
31805	652
31806	535
31807	48
31808	0
31809	0
31810	298
31811	2
31812	807
31813	446
31814	531
31815	377
31816	6
31817	1
31818	540
31819	407
31820	1
31821	79
31822	120
31823	78
31824	161
31825	380
31826	9
31827	523
31828	266
31829	416
31830	42
31831	233
31832	399
31833	482
31834	162
31835	54
31836	261
31837	600
31838	486
31839	373
31840	298
31841	31
31842	380
31843	71
31844	546
31845	405
31846	335
31847	10
31848	121
31849	95
31850	156
31851	933
31852	463
31853	241
31854	419
31855	541
31856	453
31857	284
31858	59
31859	489
31860	394
31861	0
31862	0
31863	4
31864	480
31865	376
31866	507
31867	171
31868	867
31869	484
31870	875
31871	69
31872	5
31873	0
31874	569
31875	0
31876	0
31877	110
31878	0
31879	108
31880	35
31881	578
31882	451
31883	0
31884	4
31885	60
31886	10
31887	580
31888	41
31889	568
31890	568
31891	92
31892	120
31893	2
31894	135
31895	12
31896	32
31897	1
31898	0
31899	20
31900	416
31901	10
31902	28
31903	22
31904	528
31905	436
31906	205
31907	107
31908	340
31909	308
31910	541
31911	715
31912	281
31913	161
31914	233
31915	74
31916	385
31917	22
31918	93
31919	319
31920	349
31921	431
31922	525
31923	1
31924	81
31925	470
31926	0
31927	18
31928	0
31929	357
31930	473
31931	220
31932	157
31933	162
31934	113
31935	3
31936	466
31937	303
31938	365
31939	185
31940	230
31941	37
31942	347
31943	175
31944	71
31945	20
31946	36
31947	521
31948	402
31949	616
31950	639
31951	1
31952	491
31953	807
31954	490
31955	328
31956	423
31957	207
31958	0
31959	217
31960	201
31961	4
31962	233
31963	41
31964	2
31965	158
31966	604
31967	398
31968	4
31969	0
31970	408
31971	532
31972	311
31973	292
31974	10
31975	5
31976	421
31977	138
31978	0
31979	470
31980	674
31981	415
31982	20
31983	106
31984	407
31985	440
31986	680
31987	507
31988	751
31989	86
31990	249
31991	18
31992	212
31993	183
31994	383
31995	238
31996	458
31997	4
31998	3
31999	57
32000	1
32001	455
32002	238
32003	310
32004	73
32005	446
32006	184
32007	5
32008	23
32009	310
32010	323
32011	4
32012	14
32013	1
32014	544
32015	238
32016	204
32017	4
32018	763
32019	0
32020	0
32021	158
32022	64
32023	14
32024	133
32025	895
32026	424
32027	174
32028	141
32029	198
32030	509
32031	389
32032	28
32033	243
32034	206
32035	371
32036	586
32037	545
32038	50
32039	484
32040	443
32041	120
32042	408
32043	79
32044	115
32045	2
32046	12
32047	20
32048	0
32049	96
32050	101
32051	1
32052	0
32053	311
32054	349
32055	377
32056	218
32057	401
32058	58
32059	19
32060	4
32061	703
32062	604
32063	596
32064	291
32065	23
32066	418
32067	0
32068	44
32069	112
32070	426
32071	468
32072	631
32073	266
32074	961
32075	2
32076	489
32077	452
32078	551
32079	485
32080	400
32081	161
32082	205
32083	514
32084	640
32085	420
32086	597
32087	444
32088	226
32089	129
32090	2
32091	269
32092	171
32093	364
32094	532
32095	152
32096	142
32097	481
32098	4
32099	10
32100	308
32101	15
32102	473
32103	11
32104	58
32105	647
32106	47
32107	43
32108	20
32109	494
32110	767
32111	799
32112	519
32113	266
32114	248
32115	290
32116	6
32117	215
32118	315
32119	76
32120	127
32121	170
32122	236
32123	347
32124	35
32125	30
32126	20
32127	41
32128	246
32129	10
32130	225
32131	933
32132	805
32133	11
32134	120
32135	73
32136	10
32137	650
32138	198
32139	12
32140	380
32141	677
32142	723
32143	435
32144	126
32145	140
32146	529
32147	346
32148	2
32149	926
32150	2
32151	260
32152	0
32153	457
32154	620
32155	480
32156	6
32157	304
32158	558
32159	2
32160	27
32161	28
32162	57
32163	378
32164	45
32165	448
32166	237
32167	2
32168	202
32169	144
32170	317
32171	21
32172	224
32173	74
32174	157
32175	539
32176	100
32177	339
32178	0
32179	35
32180	48
32181	167
32182	252
32183	179
32184	10
32185	595
32186	627
32187	112
32188	411
32189	46
32190	35
32191	751
32192	431
32193	440
32194	437
