96597	100
96598	506
96599	484
96600	67
96601	248
96602	337
96603	908
96604	615
96605	829
96606	192
96607	663
96608	283
96609	408
96610	616
96611	509
96612	258
96613	10
96614	133
96615	505
96616	346
96617	508
96618	486
96619	534
96620	397
96621	348
96622	461
96623	221
96624	277
96625	210
96626	236
96627	298
96628	26
96629	388
96630	0
96631	15
96632	49
96633	531
96634	663
96635	316
96636	433
96637	717
96638	486
96639	386
96640	293
96641	600
96642	419
96643	314
96644	548
96645	455
96646	10
96647	36
96648	147
96649	76
96650	226
96651	694
96652	4
96653	830
96654	724
96655	449
96656	164
96657	190
96658	84
96659	528
96660	37
96661	313
96662	266
96663	7
96664	10
96665	156
96666	185
96667	285
96668	280
96669	629
96670	661
96671	278
96672	330
96673	299
96674	88
96675	130
96676	486
96677	0
96678	639
96679	91
96680	491
96681	113
96682	86
96683	427
96684	215
96685	56
96686	172
96687	1
96688	345
96689	359
96690	711
96691	35
96692	368
96693	0
96694	389
96695	153
96696	179
96697	204
96698	447
96699	23
96700	0
96701	256
96702	256
96703	56
96704	66
96705	384
96706	51
96707	210
96708	190
96709	30
96710	374
96711	35
96712	238
96713	323
96714	280
96715	0
96716	170
96717	369
96718	475
96719	600
96720	656
96721	92
96722	368
96723	300
96724	136
96725	307
96726	582
96727	13
96728	178
96729	319
96730	291
96731	20
96732	49
96733	35
96734	120
96735	847
96736	212
96737	4
96738	35
96739	10
96740	339
96741	403
96742	202
96743	644
96744	568
96745	314
96746	22
96747	613
96748	416
96749	10
96750	0
96751	293
96752	189
96753	96
96754	69
96755	623
96756	598
96757	183
96758	222
96759	206
96760	156
96761	127
96762	418
96763	84
96764	327
96765	111
96766	152
96767	405
96768	165
96769	190
96770	423
96771	120
96772	0
96773	110
96774	266
96775	526
96776	289
96777	84
96778	684
96779	610
96780	56
96781	169
96782	345
96783	477
96784	120
96785	4
96786	698
96787	471
96788	108
96789	572
96790	822
96791	407
96792	624
96793	7
96794	266
96795	21
96796	126
96797	56
96798	618
96799	477
96800	498
96801	412
96802	453
96803	321
96804	364
96805	327
96806	310
96807	23
96808	12
96809	318
96810	390
96811	296
96812	414
96813	120
96814	573
96815	671
96816	16
96817	86
96818	86
96819	72
96820	416
96821	843
96822	266
96823	626
96824	202
96825	399
96826	476
96827	267
96828	12
96829	637
96830	88
96831	141
96832	430
96833	380
96834	0
96835	179
96836	54
96837	343
96838	463
96839	20
96840	603
96841	75
96842	562
96843	503
96844	14
96845	479
96846	0
96847	189
96848	71
96849	547
96850	287
96851	153
96852	378
96853	425
96854	261
96855	843
96856	283
96857	5
96858	154
96859	458
96860	196
96861	99
96862	664
96863	434
96864	137
96865	269
96866	457
96867	654
96868	541
96869	748
96870	236
96871	574
96872	243
96873	221
96874	240
96875	314
96876	74
96877	452
96878	414
96879	201
96880	26
96881	90
96882	456
96883	286
96884	673
96885	10
96886	783
96887	898
96888	644
96889	345
96890	315
96891	501
96892	328
96893	182
96894	192
96895	722
96896	0
96897	56
96898	646
96899	84
96900	81
96901	50
96902	614
96903	529
96904	316
96905	89
96906	127
96907	405
96908	207
96909	301
96910	289
96911	80
96912	298
96913	358
96914	330
96915	232
96916	220
96917	188
96918	256
96919	242
96920	6
96921	363
96922	187
96923	20
96924	122
96925	19
96926	38
96927	20
96928	273
96929	115
96930	176
96931	165
96932	361
96933	308
96934	232
96935	84
96936	213
96937	622
96938	339
96939	241
96940	382
96941	469
96942	133
96943	300
96944	85
96945	16
96946	0
96947	320
96948	345
96949	536
96950	150
96951	76
96952	539
96953	258
96954	36
96955	129
96956	393
96957	157
96958	289
96959	31
96960	618
96961	399
96962	20
96963	501
96964	4
96965	56
96966	311
96967	338
96968	381
96969	110
96970	434
96971	1
96972	704
96973	97
96974	0
96975	777
96976	103
96977	613
96978	21
96979	0
96980	161
96981	0
96982	45
96983	313
96984	205
96985	180
96986	853
96987	152
96988	181
96989	707
96990	525
96991	314
96992	542
96993	166
96994	47
96995	69
96996	84
96997	312
96998	316
96999	143
97000	167
97001	269
97002	103
97003	388
97004	299
97005	133
97006	268
97007	249
97008	197
97009	20
97010	491
97011	338
97012	244
97013	365
97014	437
97015	446
97016	579
97017	753
97018	422
97019	344
97020	105
97021	19
97022	22
97023	20
97024	421
97025	192
97026	433
97027	634
97028	428
97029	209
97030	41
97031	574
97032	164
97033	848
97034	174
97035	100
97036	307
97037	258
97038	37
97039	78
97040	5
97041	318
97042	116
97043	139
97044	330
97045	170
97046	668
97047	17
97048	15
97049	547
97050	610
97051	282
97052	63
97053	260
97054	11
97055	363
97056	485
97057	20
97058	30
97059	566
97060	67
97061	725
97062	754
97063	315
97064	159
97065	36
97066	358
97067	224
97068	27
97069	637
97070	388
97071	42
97072	319
97073	436
97074	112
97075	313
97076	598
97077	0
97078	25
97079	504
97080	194
97081	41
97082	0
97083	118
97084	10
97085	163
97086	119
97087	653
97088	274
97089	271
97090	480
97091	487
97092	302
97093	1
97094	292
97095	373
97096	439
97097	721
97098	636
97099	10
97100	669
97101	309
97102	734
97103	6
97104	269
97105	556
97106	10
97107	332
97108	395
97109	95
97110	195
97111	380
97112	325
97113	379
97114	557
97115	500
97116	527
97117	564
97118	425
97119	597
97120	191
97121	302
97122	209
97123	616
97124	557
97125	718
97126	20
97127	424
97128	486
97129	261
97130	236
97131	86
97132	212
97133	168
97134	239
97135	63
97136	181
97137	46
97138	433
97139	59
97140	100
97141	305
97142	310
97143	416
97144	479
97145	149
97146	1
97147	246
97148	317
97149	629
97150	0
97151	65
97152	305
97153	591
97154	556
97155	58
97156	319
97157	361
97158	197
97159	300
97160	298
97161	34
97162	447
97163	438
97164	144
97165	45
97166	200
97167	391
97168	90
97169	576
97170	661
97171	629
97172	56
97173	206
97174	319
97175	20
97176	478
97177	535
97178	268
97179	123
97180	56
97181	23
97182	248
97183	431
97184	71
97185	54
97186	135
97187	173
97188	228
97189	390
97190	581
97191	10
97192	359
97193	510
97194	102
97195	745
97196	193
97197	225
97198	254
97199	215
97200	747
97201	810
97202	11
97203	88
