5383	4
5384	59
5385	405
5386	1
5387	791
5388	254
5389	263
5390	525
5391	45
5392	14
5393	11
5394	114
5395	115
5396	343
5397	12
5398	696
5399	92
5400	21
5401	87
5402	634
5403	84
5404	577
5405	161
5406	236
5407	2
5408	40
5409	206
5410	15
5411	12
5412	1
5413	34
5414	742
5415	339
5416	102
5417	234
5418	35
5419	320
5420	226
5421	48
5422	643
5423	523
5424	573
5425	720
5426	360
5427	10
5428	51
5429	167
5430	504
5431	362
5432	684
5433	656
5434	67
5435	263
5436	354
5437	639
5438	557
5439	619
5440	107
5441	500
5442	0
5443	393
5444	242
5445	256
5446	0
5447	359
5448	598
5449	500
5450	560
5451	281
5452	0
5453	1
5454	604
5455	58
5456	0
5457	310
5458	530
5459	243
5460	0
5461	21
5462	648
5463	555
5464	4
5465	410
5466	481
5467	343
5468	0
5469	371
5470	207
5471	523
5472	29
5473	37
5474	91
5475	372
5476	610
5477	122
5478	167
5479	6
5480	583
5481	346
5482	0
5483	233
5484	523
5485	186
5486	22
5487	533
5488	83
5489	345
5490	37
5491	237
5492	147
5493	140
5494	645
5495	225
5496	303
5497	282
5498	1
5499	421
5500	389
5501	181
5502	158
5503	413
5504	22
5505	45
5506	140
5507	111
5508	53
5509	58
5510	229
5511	886
5512	4
5513	572
5514	109
5515	215
5516	195
5517	667
5518	42
5519	536
5520	711
5521	761
5522	398
5523	1
5524	126
5525	10
5526	748
5527	771
5528	237
5529	54
5530	155
5531	443
5532	98
5533	298
5534	1
5535	35
5536	265
5537	410
5538	382
5539	23
5540	72
5541	182
5542	104
5543	41
5544	924
5545	779
5546	0
5547	654
5548	441
5549	55
5550	232
5551	248
5552	401
5553	306
5554	572
5555	533
5556	159
5557	3
5558	58
5559	76
5560	421
5561	35
5562	306
5563	28
5564	775
5565	14
5566	35
5567	166
5568	520
5569	556
5570	61
5571	679
5572	58
5573	182
5574	81
5575	11
5576	147
5577	446
5578	193
5579	461
5580	273
5581	36
5582	809
5583	97
5584	108
5585	99
5586	202
5587	331
5588	0
5589	418
5590	450
5591	338
5592	298
5593	566
5594	120
5595	67
5596	1
5597	35
5598	20
5599	552
5600	39
5601	23
5602	16
5603	825
5604	567
5605	436
5606	119
5607	377
5608	453
5609	216
5610	897
5611	451
5612	904
5613	92
5614	286
5615	125
5616	84
5617	439
5618	4
5619	12
5620	218
5621	327
5622	21
5623	183
5624	828
5625	617
5626	516
5627	388
5628	10
5629	22
5630	1007
5631	1175
5632	306
5633	203
5634	2
5635	364
5636	30
5637	45
5638	1003
5639	822
5640	223
5641	420
5642	34
5643	20
5644	3
5645	436
5646	524
5647	21
5648	275
5649	308
5650	392
5651	701
5652	353
5653	574
5654	518
5655	0
5656	4
5657	612
5658	269
5659	75
5660	126
5661	1
5662	0
5663	552
5664	15
5665	238
5666	286
5667	7
5668	225
5669	603
5670	476
5671	5
5672	149
5673	200
5674	735
5675	469
5676	35
5677	27
5678	692
5679	176
5680	4
5681	22
5682	459
5683	551
5684	477
5685	464
5686	306
5687	293
5688	344
5689	248
5690	290
5691	479
5692	585
5693	450
5694	355
5695	389
5696	55
5697	2
5698	585
5699	473
5700	1
5701	84
5702	324
5703	588
5704	620
5705	456
5706	322
5707	231
5708	209
5709	61
5710	167
5711	205
5712	303
5713	0
5714	703
5715	45
5716	85
5717	452
5718	243
5719	290
5720	7
5721	84
5722	747
5723	11
5724	258
5725	4
5726	581
5727	98
5728	12
5729	466
5730	313
5731	390
5732	512
5733	221
5734	35
5735	112
5736	656
5737	98
5738	313
5739	124
5740	730
5741	687
5742	524
5743	292
5744	334
5745	131
5746	82
5747	180
5748	249
5749	458
5750	369
5751	232
5752	0
5753	189
5754	300
5755	216
5756	1
5757	338
5758	384
5759	465
5760	673
5761	836
5762	81
5763	1
5764	531
5765	1
5766	548
5767	36
5768	118
5769	256
5770	196
5771	44
5772	358
5773	310
5774	7
5775	125
5776	4
5777	0
5778	576
5779	252
5780	22
5781	614
5782	453
5783	405
5784	125
5785	183
5786	267
5787	132
5788	677
5789	0
5790	91
5791	56
5792	686
5793	10
5794	45
5795	244
5796	222
5797	371
5798	781
5799	424
5800	593
5801	464
5802	464
5803	450
5804	223
5805	55
5806	520
5807	460
5808	712
5809	484
5810	251
5811	310
5812	157
5813	509
5814	624
5815	531
5816	21
5817	6
5818	2
5819	0
5820	84
5821	97
5822	203
5823	355
5824	6
5825	99
5826	403
5827	321
5828	441
5829	1
5830	25
5831	408
5832	253
5833	145
5834	581
5835	130
5836	541
5837	133
5838	27
5839	254
5840	95
5841	36
5842	470
5843	876
5844	477
5845	527
5846	57
5847	269
5848	0
5849	48
5850	10
5851	151
5852	543
5853	502
5854	522
5855	330
5856	403
5857	408
5858	176
5859	215
5860	566
5861	0
5862	102
5863	16
5864	41
5865	34
5866	206
5867	134
5868	0
5869	45
5870	50
5871	57
5872	7
5873	479
5874	236
5875	363
5876	407
5877	554
5878	685
5879	214
5880	36
5881	121
5882	228
5883	260
5884	664
5885	0
5886	0
5887	691
5888	653
5889	51
5890	23
5891	56
5892	335
5893	47
5894	816
5895	86
5896	250
5897	300
5898	394
5899	30
5900	423
5901	298
5902	121
5903	319
5904	98
5905	120
5906	583
5907	175
5908	0
5909	0
5910	195
5911	136
5912	633
5913	94
5914	217
5915	237
5916	167
5917	510
5918	771
5919	113
5920	43
5921	393
5922	9
5923	255
5924	731
5925	634
5926	4
5927	35
5928	6
5929	8
5930	482
5931	0
5932	13
5933	480
5934	276
5935	221
5936	41
5937	20
5938	319
5939	1
5940	250
5941	494
5942	429
5943	355
5944	176
5945	120
5946	334
5947	1
5948	580
5949	76
5950	167
5951	375
5952	593
5953	868
5954	120
5955	366
5956	608
5957	99
5958	45
5959	184
5960	50
5961	37
5962	503
5963	610
5964	654
5965	388
5966	655
5967	317
5968	482
5969	438
5970	306
5971	151
5972	638
5973	652
5974	531
5975	165
5976	377
5977	213
5978	575
5979	57
5980	246
5981	18
5982	146
5983	331
5984	97
5985	502
5986	565
5987	228
5988	45
5989	124
5990	6
5991	412
5992	120
5993	35
5994	0
5995	515
5996	629
5997	375
5998	364
5999	514
6000	35
6001	471
6002	60
6003	604
6004	63
6005	262
6006	452
6007	691
6008	688
6009	158
6010	292
6011	779
6012	436
6013	220
6014	129
6015	686
6016	558
6017	219
6018	179
6019	804
6020	653
6021	427
6022	77
6023	114
6024	0
6025	68
6026	338
6027	328
6028	68
6029	27
6030	27
6031	45
6032	216
6033	4
6034	166
6035	618
6036	2
6037	589
6038	436
6039	496
6040	330
6041	461
6042	80
6043	480
6044	4
6045	194
6046	17
6047	362
6048	80
6049	42
6050	176
6051	8
6052	401
6053	55
6054	852
6055	472
6056	662
6057	940
6058	785
6059	6
6060	299
6061	101
6062	119
6063	59
6064	46
6065	34
6066	704
6067	654
6068	338
6069	371
6070	713
6071	27
6072	205
6073	525
6074	367
6075	14
6076	100
6077	510
6078	695
6079	691
6080	546
6081	480
6082	774
6083	357
6084	488
6085	362
6086	265
6087	42
6088	241
6089	529
6090	4
6091	56
6092	470
6093	252
6094	37
6095	352
6096	1
6097	308
6098	13
6099	182
6100	295
6101	70
6102	167
6103	42
6104	349
6105	185
6106	95
6107	109
6108	144
6109	253
6110	298
6111	469
6112	505
6113	578
6114	107
6115	5
6116	276
6117	45
6118	421
6119	396
6120	1108
6121	412
6122	76
6123	4
6124	0
6125	180
6126	68
6127	428
6128	531
6129	433
6130	645
6131	398
6132	661
6133	592
6134	3
6135	0
6136	227
6137	380
6138	523
6139	44
6140	19
6141	52
6142	1
6143	237
6144	708
6145	145
6146	165
6147	3
6148	41
6149	164
6150	328
6151	2
6152	0
6153	33
6154	410
6155	201
6156	53
6157	77
6158	444
6159	439
6160	630
6161	311
6162	770
6163	621
6164	271
6165	437
6166	276
6167	158
6168	579
6169	111
6170	6
6171	51
6172	56
6173	442
6174	609
6175	545
6176	309
6177	108
6178	12
6179	0
6180	643
6181	438
6182	420
6183	444
6184	306
6185	559
6186	392
6187	246
6188	142
6189	19
6190	15
6191	96
6192	35
6193	0
6194	81
6195	49
6196	277
6197	376
6198	108
6199	2
6200	84
6201	569
6202	35
6203	547
6204	74
6205	517
6206	88
6207	79
6208	0
6209	34
6210	49
6211	353
6212	480
6213	643
6214	549
6215	784
6216	531
6217	3
6218	53
6219	152
6220	56
6221	34
6222	295
6223	56
6224	7
6225	219
6226	285
6227	924
6228	26
6229	434
6230	362
6231	19
6232	39
6233	435
6234	313
6235	546
6236	462
6237	556
6238	653
6239	0
6240	0
6241	76
6242	56
6243	546
6244	361
6245	648
6246	361
6247	794
6248	651
6249	950
6250	671
6251	406
6252	442
6253	421
6254	129
6255	62
6256	440
6257	214
6258	601
6259	357
6260	387
6261	451
6262	328
6263	79
6264	10
6265	167
6266	286
6267	95
6268	704
6269	867
6270	517
6271	784
6272	29
6273	353
6274	257
6275	26
6276	12
6277	339
6278	607
6279	298
6280	179
6281	56
6282	481
6283	30
6284	374
6285	418
6286	28
6287	806
6288	35
6289	483
6290	12
6291	344
6292	72
6293	196
6294	265
6295	71
6296	81
6297	358
6298	218
6299	399
6300	450
6301	197
6302	83
6303	12
6304	577
6305	299
6306	395
6307	101
6308	363
6309	167
6310	402
6311	313
6312	282
6313	830
6314	46
6315	42
6316	39
6317	225
6318	439
6319	360
6320	675
6321	723
6322	68
6323	394
6324	130
6325	165
6326	59
6327	785
6328	0
6329	530
6330	244
6331	642
6332	579
6333	480
6334	415
6335	580
6336	334
6337	30
6338	48
6339	156
6340	0
6341	421
6342	86
6343	100
6344	450
6345	249
6346	693
6347	291
6348	432
6349	13
6350	492
6351	38
6352	0
6353	474
6354	640
6355	241
6356	61
6357	679
6358	1
6359	637
6360	34
6361	12
6362	207
6363	394
6364	641
6365	963
6366	582
6367	551
6368	155
6369	688
6370	492
6371	465
6372	470
6373	359
6374	78
6375	431
6376	20
6377	469
6378	86
6379	9
6380	56
6381	901
6382	216
6383	178
6384	634
6385	8
6386	10
6387	46
6388	261
6389	0
6390	175
6391	363
6392	293
6393	57
6394	3
6395	569
6396	603
6397	1
6398	398
6399	308
6400	325
6401	608
6402	55
6403	6
6404	122
6405	27
6406	125
6407	605
6408	518
6409	151
6410	248
6411	64
6412	66
6413	45
6414	17
6415	8
6416	182
6417	4
6418	225
6419	0
6420	335
6421	716
6422	4
6423	275
6424	50
6425	588
6426	377
6427	6
6428	236
6429	85
6430	27
6431	492
6432	490
6433	645
6434	35
6435	0
6436	229
6437	329
6438	417
6439	256
6440	46
6441	3
6442	36
6443	536
6444	134
6445	230
6446	8
6447	209
6448	393
6449	470
6450	283
6451	78
6452	512
6453	57
6454	447
6455	496
6456	845
6457	40
6458	421
6459	285
6460	290
6461	902
6462	369
6463	35
6464	57
6465	0
6466	358
6467	85
6468	454
6469	1041
6470	769
6471	755
6472	44
6473	0
6474	733
6475	855
6476	283
6477	509
6478	45
6479	10
6480	376
6481	185
6482	239
6483	1
6484	484
6485	242
6486	166
6487	37
6488	3
6489	341
6490	20
6491	56
6492	13
6493	86
6494	392
6495	827
6496	276
6497	212
6498	23
6499	40
6500	30
6501	441
6502	280
6503	10
6504	4
6505	216
6506	10
6507	56
6508	26
6509	356
6510	264
6511	51
6512	23
6513	369
6514	19
6515	726
6516	495
6517	442
6518	389
6519	355
6520	28
6521	2
6522	2
6523	122
6524	109
6525	245
6526	51
6527	0
6528	0
