1	613
2	395
3	834
4	725
5	739
6	805
7	676
8	870
9	322
10	390
11	791
12	230
13	378
14	597
15	801
16	326
17	4
18	822
19	155
20	511
21	159
22	587
23	450
24	135
25	549
26	471
27	438
28	503
29	62
30	303
31	821
32	157
33	20
34	586
35	423
36	755
37	734
38	747
39	146
40	692
41	39
42	30
43	494
44	41
45	512
46	300
47	385
48	438
49	412
50	832
51	844
52	655
53	538
54	643
55	40
56	619
57	456
58	579
59	750
60	512
61	543
62	400
63	447
64	538
65	950
66	639
67	373
68	116
69	783
70	811
71	514
72	243
73	20
74	133
75	84
76	827
77	810
78	731
79	762
80	515
81	164
82	540
83	679
84	976
85	900
86	560
87	889
88	853
89	773
90	1080
91	129
92	488
93	552
94	381
95	487
96	423
97	189
98	755
99	717
100	93
101	369
102	413
103	624
104	627
105	581
106	649
107	453
108	30
109	438
110	233
111	531
112	426
113	765
114	303
115	225
116	360
117	232
118	639
119	515
120	606
121	766
122	655
123	1028
124	344
125	779
126	480
127	690
128	653
129	617
130	970
131	816
132	564
133	805
134	860
135	458
136	133
137	784
138	861
139	161
140	733
141	695
142	596
143	86
144	40
145	256
146	135
147	555
148	20
149	571
150	678
151	460
152	692
153	636
154	622
155	788
156	85
157	417
158	339
159	591
160	689
161	100
162	250
163	106
164	378
165	504
166	354
167	248
168	24
169	406
170	444
171	1048
172	1153
173	1204
174	1056
175	1128
176	369
177	318
178	138
179	184
180	121
181	706
182	738
183	653
184	10
185	757
186	578
187	694
188	524
189	70
190	555
191	276
192	542
193	531
194	415
195	828
196	627
197	35
198	715
199	181
200	584
201	579
202	692
203	312
204	603
205	459
206	662
207	610
208	265
209	415
210	194
211	841
212	531
213	468
214	451
215	369
216	543
217	619
218	208
219	334
220	1288
221	414
222	198
223	512
224	160
225	582
226	62
227	245
228	550
229	890
230	363
231	744
232	764
233	638
234	631
235	806
236	60
237	637
238	269
239	233
240	36
241	499
242	540
243	685
244	457
245	160
246	565
247	35
248	584
249	258
250	720
251	218
252	748
253	6
254	170
255	594
256	498
257	395
258	220
259	458
260	674
261	833
262	711
263	579
264	59
265	423
266	298
267	424
268	504
269	663
270	35
271	171
272	85
273	123
274	513
275	417
276	438
277	606
278	589
279	553
280	725
281	509
282	433
283	369
284	589
285	0
286	782
287	241
288	849
289	762
290	723
291	594
292	875
293	647
294	300
295	616
296	427
297	324
298	547
299	478
300	138
301	683
302	612
303	297
304	467
305	564
306	601
307	295
308	616
309	442
310	543
311	989
312	452
313	277
314	259
315	746
316	152
317	407
318	8
319	995
320	46
321	407
322	269
323	333
324	497
325	826
326	404
327	506
328	723
329	21
330	622
331	42
332	326
333	211
334	458
335	819
336	526
337	291
338	267
339	506
340	747
341	665
342	403
343	385
344	544
345	405
346	244
347	43
348	212
349	612
350	598
351	989
352	841
353	757
354	75
355	310
356	89
357	1014
358	727
359	923
360	468
361	926
362	497
363	733
364	532
365	5
366	508
367	635
368	736
369	505
370	746
371	519
372	292
373	406
374	444
375	777
376	20
377	189
378	490
379	487
380	499
381	380
382	529
383	415
384	479
385	722
386	910
387	494
388	627
389	667
390	914
391	504
392	319
393	479
394	369
395	587
396	740
397	402
398	38
399	724
400	213
401	448
402	609
403	213
404	120
405	510
406	35
407	628
408	54
409	0
410	273
411	77
412	212
413	75
414	452
415	130
416	567
417	34
418	627
419	440
420	548
421	336
422	528
423	136
424	875
425	181
426	332
427	546
428	394
429	709
430	600
431	166
432	4
433	308
434	659
435	598
436	245
437	624
438	753
439	284
440	489
441	583
442	831
443	708
444	726
445	641
446	740
447	487
448	827
449	869
450	375
451	516
452	1
453	710
454	488
455	640
456	557
457	748
458	710
459	675
460	616
461	370
462	531
463	643
464	663
465	500
466	565
467	578
468	605
469	483
470	466
471	444
472	136
473	884
474	564
475	1207
476	1215
477	611
478	134
479	590
480	475
481	945
482	628
483	203
484	59
485	844
486	574
487	167
488	620
489	717
490	641
491	415
492	117
493	319
494	378
495	77
496	2
497	822
498	629
499	885
500	625
501	437
502	559
503	534
504	28
505	177
506	85
507	59
508	136
509	423
510	471
511	307
512	427
513	26
514	94
515	200
516	501
517	795
518	854
519	551
520	682
521	923
522	471
523	122
524	182
525	326
526	326
527	368
528	524
529	389
530	172
531	504
532	403
533	146
534	632
535	541
536	490
537	734
538	687
539	562
540	429
541	577
542	428
543	666
544	731
545	384
546	677
547	347
548	477
549	515
550	614
551	546
552	573
553	571
554	871
555	488
556	192
557	823
558	329
559	660
560	686
561	380
562	693
563	329
564	377
565	794
566	374
567	120
568	278
569	348
570	790
571	613
572	10
573	1055
574	863
575	402
576	705
577	721
578	337
579	888
580	764
581	488
582	605
583	393
584	1178
585	708
586	581
587	576
588	524
589	292
590	406
591	363
592	645
593	348
594	360
595	141
596	756
597	604
598	514
599	618
600	556
601	411
602	552
603	548
604	632
605	142
606	729
607	668
608	39
609	454
610	217
611	37
612	342
613	462
614	505
615	655
616	892
617	1212
618	150
619	426
620	730
621	317
622	437
623	653
624	290
625	724
626	0
627	522
628	532
629	323
630	438
631	451
632	470
633	523
634	338
635	930
636	270
637	177
638	493
639	506
640	469
641	651
642	508
643	532
644	906
645	305
646	711
647	488
648	698
649	526
650	680
651	1122
652	875
653	1239
654	506
655	251
656	826
657	533
658	494
659	115
660	870
661	911
662	647
663	508
664	503
665	1161
666	455
667	426
668	128
669	713
670	882
671	844
672	728
673	394
674	20
675	140
676	753
677	850
678	222
679	545
680	178
681	296
682	288
683	938
684	833
685	614
686	480
687	513
688	179
689	166
690	316
691	379
692	175
693	753
694	469
695	638
696	678
697	36
698	526
699	849
700	180
701	567
702	384
703	636
704	476
705	313
706	479
707	244
708	420
709	848
710	533
711	803
712	763
713	544
714	781
715	727
716	479
717	402
718	724
719	503
720	598
721	98
722	458
723	170
724	48
725	50
726	459
727	685
728	349
729	48
730	711
731	452
732	183
733	571
734	159
735	458
736	384
737	315
738	860
739	517
740	571
741	840
742	750
743	671
744	619
745	748
746	442
747	325
748	703
749	166
750	701
751	166
752	314
753	254
754	194
755	29
756	49
757	414
758	397
759	849
760	749
761	690
762	453
763	223
764	93
765	490
766	346
767	231
768	132
769	643
770	330
771	39
772	458
773	275
774	384
775	412
776	777
777	474
778	21
779	408
780	244
781	110
782	586
783	792
784	475
785	334
786	115
787	760
788	133
789	592
790	585
791	544
792	161
793	556
794	494
795	68
796	154
797	1077
798	1276
799	926
800	137
801	518
802	495
803	497
804	94
805	449
806	456
807	715
808	122
809	62
810	435
811	84
812	518
813	525
814	367
815	181
816	1008
817	676
818	227
819	683
820	433
821	377
822	73
823	980
824	641
825	604
826	283
827	357
828	122
829	882
830	618
831	782
832	825
833	324
834	946
835	867
836	467
837	177
838	451
839	514
840	267
841	85
842	84
843	450
844	924
845	704
846	236
847	447
848	51
849	97
850	734
851	101
852	405
853	742
854	104
855	607
856	731
857	1038
858	449
859	1060
860	555
861	553
862	412
863	386
864	659
865	377
866	174
867	80
868	198
869	443
870	247
871	84
872	393
873	61
874	764
875	586
876	608
877	694
878	526
879	711
880	626
881	456
882	565
883	77
884	35
885	353
886	56
887	527
888	156
889	396
890	423
891	859
892	723
893	376
894	271
895	312
896	318
897	508
898	268
899	760
900	740
901	887
902	604
903	508
904	638
905	479
906	432
907	219
908	752
909	396
910	177
911	1046
912	522
913	240
914	435
915	809
916	887
917	832
918	675
919	13
920	735
921	962
922	463
923	210
924	723
925	306
926	104
927	658
928	56
929	402
930	430
931	656
932	662
933	640
934	20
935	857
936	711
937	674
938	784
939	961
940	621
941	501
942	749
943	381
944	862
945	475
946	999
947	913
948	797
949	891
950	830
951	5
952	331
953	553
954	547
955	478
956	570
957	376
958	169
959	467
960	447
961	474
962	631
963	173
964	460
965	276
966	783
967	354
968	692
969	243
970	688
971	820
972	343
973	580
974	1085
975	967
976	998
977	303
978	603
979	471
980	58
981	680
982	369
983	186
984	399
985	364
986	195
987	132
988	347
989	464
990	517
991	401
992	312
993	513
994	491
995	702
996	591
997	670
998	630
999	734
1000	830
1001	256
1002	648
1003	655
1004	268
1005	896
1006	891
1007	243
1008	570
1009	707
1010	586
1011	61
1012	811
1013	437
1014	430
1015	424
1016	367
1017	402
1018	444
1019	120
1020	821
1021	575
1022	817
1023	1115
1024	314
1025	162
1026	209
1027	273
1028	838
1029	792
1030	377
1031	237
1032	984
1033	181
1034	473
1035	512
1036	655
1037	231
1038	774
1039	747
1040	650
1041	697
1042	678
1043	534
1044	337
1045	330
1046	584
1047	323
1048	486
1049	236
1050	654
1051	371
1052	513
1053	611
1054	21
1055	938
1056	177
1057	365
