54121	407
54122	102
54123	3
54124	165
54125	120
54126	211
54127	849
54128	378
54129	4
54130	454
54131	738
54132	1045
54133	852
54134	538
54135	281
54136	521
54137	502
54138	404
54139	423
54140	95
54141	4
54142	0
54143	475
54144	10
54145	94
54146	9
54147	484
54148	546
54149	620
54150	456
54151	784
54152	747
54153	616
54154	165
54155	472
54156	28
54157	84
54158	310
54159	405
54160	64
54161	532
54162	49
54163	314
54164	178
54165	558
54166	628
54167	295
54168	0
54169	930
54170	393
54171	474
54172	237
54173	612
54174	136
54175	92
54176	440
54177	445
54178	284
54179	397
54180	120
54181	615
54182	454
54183	514
54184	737
54185	786
54186	36
54187	895
54188	691
54189	159
54190	103
54191	729
54192	381
54193	586
54194	182
54195	86
54196	491
54197	565
54198	817
54199	569
54200	776
54201	490
54202	206
54203	228
54204	124
54205	521
54206	122
54207	61
54208	246
54209	375
54210	620
54211	21
54212	6
54213	812
54214	590
54215	23
54216	228
54217	423
54218	163
54219	526
54220	2
54221	796
54222	687
54223	525
54224	308
54225	20
54226	94
54227	514
54228	22
54229	166
54230	35
54231	438
54232	585
54233	732
54234	896
54235	384
54236	524
54237	250
54238	81
54239	219
54240	167
54241	134
54242	222
54243	7
54244	0
54245	652
54246	531
54247	0
54248	160
54249	380
54250	695
54251	0
54252	234
54253	338
54254	285
54255	174
54256	509
54257	30
54258	46
54259	44
54260	511
54261	219
54262	438
54263	685
54264	84
54265	44
54266	88
54267	43
54268	91
54269	26
54270	199
54271	19
54272	327
54273	298
54274	1054
54275	644
54276	137
54277	618
54278	403
54279	69
54280	667
54281	176
54282	209
54283	4
54284	642
54285	637
54286	214
54287	665
54288	0
54289	197
54290	412
54291	516
54292	448
54293	306
54294	63
54295	59
54296	658
54297	289
54298	218
54299	761
54300	432
54301	609
54302	368
54303	758
54304	794
54305	408
54306	273
54307	269
54308	238
54309	295
54310	4
54311	4
54312	265
54313	23
54314	407
54315	316
54316	652
54317	495
54318	374
54319	201
54320	37
54321	132
54322	48
54323	799
54324	21
54325	10
54326	28
54327	0
54328	165
54329	272
54330	246
54331	589
54332	460
54333	362
54334	11
54335	20
54336	311
54337	24
54338	305
54339	384
54340	0
54341	93
54342	55
54343	10
54344	225
54345	126
54346	384
54347	252
54348	524
54349	245
54350	576
54351	88
54352	688
54353	0
54354	360
54355	560
54356	434
54357	2
54358	600
54359	561
54360	56
54361	101
54362	514
54363	84
54364	26
54365	598
54366	175
54367	675
54368	442
54369	438
54370	566
54371	346
54372	729
54373	608
54374	467
54375	557
54376	683
54377	211
54378	469
54379	53
54380	632
54381	174
54382	0
54383	314
54384	7
54385	0
54386	0
54387	102
54388	240
54389	356
54390	12
54391	617
54392	2
54393	12
54394	306
54395	300
54396	384
54397	196
54398	117
54399	4
54400	657
54401	442
54402	87
54403	177
54404	123
54405	261
54406	679
54407	734
54408	125
54409	361
54410	0
54411	251
54412	754
54413	6
54414	302
54415	471
54416	214
54417	75
54418	6
54419	477
54420	725
54421	467
54422	5
54423	4
54424	362
54425	426
54426	15
54427	30
54428	289
54429	706
54430	167
54431	85
54432	471
54433	643
54434	271
54435	242
54436	248
54437	20
54438	980
54439	914
54440	551
54441	118
54442	507
54443	675
54444	657
54445	306
54446	19
54447	584
54448	817
54449	65
54450	438
54451	365
54452	156
54453	224
54454	228
54455	589
54456	330
54457	31
54458	1
54459	133
54460	821
54461	56
54462	498
54463	707
54464	185
54465	50
54466	59
54467	72
54468	687
54469	1
54470	400
54471	373
54472	701
54473	2
54474	0
54475	821
54476	67
54477	766
54478	1080
54479	509
54480	342
54481	361
54482	34
54483	797
54484	108
54485	134
54486	583
54487	35
54488	475
54489	323
54490	355
54491	481
54492	330
54493	439
54494	374
54495	419
54496	35
54497	211
54498	10
54499	3
54500	419
54501	107
54502	546
54503	438
54504	253
54505	35
54506	506
54507	342
54508	181
54509	147
54510	58
54511	0
54512	451
54513	219
54514	401
54515	95
54516	469
54517	211
54518	91
54519	0
54520	25
54521	490
54522	4
54523	120
54524	423
54525	0
54526	470
54527	0
54528	677
54529	0
54530	300
54531	0
54532	801
54533	499
54534	329
54535	430
54536	381
54537	4
54538	20
54539	220
54540	172
54541	14
54542	217
54543	343
54544	204
54545	289
54546	212
54547	520
54548	11
54549	573
54550	668
54551	35
54552	115
54553	313
54554	5
54555	60
54556	10
54557	0
54558	329
54559	696
54560	58
54561	413
54562	674
54563	699
54564	2
54565	520
54566	629
54567	559
54568	6
54569	131
54570	379
54571	692
54572	187
54573	572
54574	342
54575	664
54576	425
54577	73
54578	169
54579	35
54580	84
54581	167
54582	86
54583	519
54584	10
54585	32
54586	601
54587	653
54588	439
54589	504
54590	11
54591	410
54592	233
54593	647
54594	682
54595	2
54596	1077
54597	1
54598	550
54599	252
54600	365
54601	438
54602	383
54603	494
54604	764
54605	2
54606	107
54607	19
54608	20
54609	84
54610	1
54611	119
54612	36
54613	435
54614	229
54615	89
54616	242
54617	30
54618	319
54619	159
54620	41
54621	593
54622	639
54623	278
54624	223
54625	441
54626	0
54627	305
54628	10
54629	120
54630	674
54631	84
54632	187
54633	244
54634	758
54635	0
54636	166
54637	207
54638	564
54639	57
54640	20
54641	240
54642	244
54643	567
54644	69
54645	546
54646	144
54647	180
54648	551
54649	348
54650	245
54651	372
54652	101
54653	497
54654	300
54655	10
54656	39
54657	594
54658	78
54659	479
54660	275
54661	277
54662	38
54663	226
54664	329
54665	324
54666	186
54667	604
54668	94
54669	321
54670	687
54671	12
54672	455
54673	14
54674	661
54675	96
54676	163
54677	446
54678	391
54679	118
54680	109
54681	697
54682	15
54683	305
54684	337
54685	648
54686	22
54687	379
54688	0
54689	500
54690	544
54691	134
54692	527
54693	10
54694	24
54695	277
54696	324
54697	336
54698	326
54699	448
54700	526
54701	575
54702	503
54703	6
54704	549
54705	356
54706	185
54707	365
54708	286
54709	32
54710	274
54711	552
54712	164
54713	330
54714	596
54715	10
54716	37
54717	410
54718	30
54719	417
54720	181
54721	461
54722	142
54723	476
54724	1
54725	234
54726	527
54727	207
54728	569
54729	467
54730	379
54731	4
54732	409
54733	281
54734	6
54735	275
54736	550
54737	95
54738	104
54739	615
54740	330
54741	335
54742	603
54743	161
54744	591
54745	477
54746	578
54747	466
54748	120
54749	145
54750	0
54751	485
54752	112
54753	362
54754	1
54755	435
54756	13
54757	746
54758	114
54759	137
54760	254
54761	492
54762	489
54763	535
54764	95
54765	229
54766	61
54767	111
54768	1
54769	441
54770	164
54771	327
54772	155
54773	739
54774	281
54775	440
54776	384
54777	0
54778	396
54779	546
54780	469
54781	2
54782	484
54783	594
54784	352
54785	47
54786	12
54787	280
54788	485
54789	28
54790	11
54791	4
54792	91
54793	562
54794	18
54795	40
54796	100
54797	181
54798	590
54799	10
54800	699
54801	12
54802	267
54803	944
54804	651
54805	1
54806	129
54807	230
54808	249
54809	20
54810	302
54811	137
54812	270
54813	84
54814	69
54815	42
54816	260
54817	448
54818	245
54819	364
54820	689
54821	285
54822	505
54823	1
54824	579
54825	549
54826	774
54827	538
54828	220
54829	418
54830	10
54831	160
54832	400
54833	693
54834	1035
54835	1
54836	532
54837	736
54838	354
54839	342
54840	124
54841	329
54842	0
54843	33
54844	201
54845	238
54846	236
54847	35
54848	35
54849	2
54850	359
54851	84
54852	336
54853	662
54854	1
54855	1
54856	500
54857	430
54858	12
54859	52
54860	10
54861	11
54862	254
54863	584
54864	48
54865	259
54866	957
54867	308
54868	1
54869	35
54870	25
54871	408
54872	235
54873	411
54874	425
54875	461
54876	430
54877	285
54878	0
54879	425
54880	14
54881	135
54882	426
54883	246
54884	236
54885	763
54886	271
54887	183
54888	696
54889	440
54890	69
54891	168
54892	417
54893	4
54894	389
54895	228
54896	668
54897	326
54898	524
54899	665
54900	666
54901	788
54902	627
54903	10
54904	5
54905	112
54906	498
54907	363
54908	321
54909	1
54910	2
54911	121
54912	392
54913	441
54914	0
54915	491
54916	486
54917	162
54918	315
54919	14
54920	120
54921	1
54922	497
54923	1126
54924	263
54925	806
54926	52
54927	27
54928	517
54929	435
54930	84
54931	49
54932	60
54933	338
54934	629
54935	399
54936	664
54937	585
54938	1117
54939	451
54940	3
54941	312
54942	2
54943	87
54944	82
54945	9
54946	268
54947	181
54948	39
54949	117
54950	549
54951	461
54952	516
54953	474
54954	179
54955	709
54956	801
54957	369
54958	423
54959	459
54960	375
54961	443
54962	455
54963	400
54964	632
54965	314
54966	0
54967	266
54968	434
54969	58
54970	35
54971	558
54972	155
54973	260
54974	255
54975	655
54976	423
54977	338
54978	479
54979	5
54980	1223
54981	266
54982	143
54983	11
54984	409
54985	429
54986	365
54987	282
54988	171
54989	0
54990	552
54991	327
54992	327
54993	453
54994	373
54995	314
54996	219
54997	101
54998	126
54999	41
55000	444
55001	627
55002	494
55003	387
55004	21
55005	8
55006	21
55007	113
55008	4
55009	449
55010	511
55011	768
55012	614
55013	804
55014	84
55015	1
55016	470
55017	162
55018	158
55019	105
55020	10
55021	927
