27258	478
27259	884
27260	247
27261	804
27262	491
27263	375
27264	723
27265	182
27266	310
27267	709
27268	404
27269	111
27270	226
27271	438
27272	38
27273	73
27274	81
27275	575
27276	717
27277	187
27278	37
27279	481
27280	84
27281	787
27282	44
27283	708
27284	573
27285	567
27286	1
27287	191
27288	549
27289	433
27290	236
27291	20
27292	536
27293	869
27294	1098
27295	586
27296	628
27297	225
27298	34
27299	30
27300	553
27301	651
27302	660
27303	129
27304	428
27305	311
27306	280
27307	140
27308	4
27309	1118
27310	204
27311	351
27312	631
27313	1
27314	692
27315	180
27316	36
27317	959
27318	217
27319	689
27320	492
27321	55
27322	250
27323	516
27324	3
27325	688
27326	566
27327	540
27328	109
27329	556
27330	22
27331	13
27332	45
27333	867
27334	207
27335	323
27336	0
27337	10
27338	300
27339	423
27340	619
27341	20
27342	4
27343	0
27344	440
27345	256
27346	696
27347	39
27348	97
27349	785
27350	661
27351	132
27352	387
27353	361
27354	10
27355	303
27356	31
27357	209
27358	578
27359	243
27360	691
27361	542
27362	106
27363	518
27364	701
27365	2
27366	675
27367	553
27368	9
27369	371
27370	498
27371	968
27372	6
27373	243
27374	86
27375	684
27376	459
27377	21
27378	558
27379	707
27380	741
27381	657
27382	10
27383	103
27384	118
27385	143
27386	0
27387	396
27388	863
27389	1
27390	1
27391	534
27392	330
27393	392
27394	183
27395	2
27396	480
27397	160
27398	46
27399	380
27400	587
27401	262
27402	172
27403	917
27404	251
27405	0
27406	574
27407	0
27408	148
27409	391
27410	345
27411	68
27412	758
27413	4
27414	671
27415	105
27416	143
27417	184
27418	364
27419	468
27420	260
27421	7
27422	444
27423	6
27424	1
27425	1164
27426	568
27427	152
27428	544
27429	216
27430	435
27431	351
27432	426
27433	148
27434	1
27435	450
27436	0
27437	3
27438	581
27439	56
27440	885
27441	619
27442	52
27443	31
27444	279
27445	692
27446	45
27447	358
27448	683
27449	84
27450	445
27451	716
27452	703
27453	872
27454	89
27455	73
27456	56
27457	626
27458	312
27459	341
27460	728
27461	517
27462	510
27463	618
27464	30
27465	7
27466	461
27467	177
27468	41
27469	647
27470	424
27471	15
27472	949
27473	711
27474	490
27475	114
27476	17
27477	547
27478	56
27479	647
27480	195
27481	29
27482	75
27483	646
27484	250
27485	40
27486	938
27487	415
27488	236
27489	369
27490	521
27491	456
27492	433
27493	159
27494	318
27495	461
27496	352
27497	496
27498	131
27499	0
27500	1
27501	759
27502	54
27503	13
27504	0
27505	771
27506	747
27507	858
27508	482
27509	626
27510	10
27511	458
27512	347
27513	160
27514	4
27515	529
27516	102
27517	122
27518	9
27519	489
27520	0
27521	60
27522	90
27523	936
27524	404
27525	475
27526	87
27527	52
27528	506
27529	670
27530	57
27531	144
27532	782
27533	343
27534	134
27535	49
27536	222
27537	5
27538	831
27539	464
27540	80
27541	100
27542	207
27543	527
27544	266
27545	282
27546	249
27547	256
27548	296
27549	276
27550	338
27551	333
27552	803
27553	461
27554	68
27555	659
27556	0
27557	150
27558	897
27559	843
27560	4
27561	58
27562	331
27563	573
27564	560
27565	669
27566	53
27567	148
27568	417
27569	677
27570	434
27571	83
27572	773
27573	1063
27574	268
27575	122
27576	4
27577	15
27578	198
27579	755
27580	740
27581	1
27582	740
27583	16
27584	378
27585	696
27586	156
27587	351
27588	536
27589	470
27590	0
27591	327
27592	488
27593	475
27594	484
27595	441
27596	134
27597	10
27598	21
27599	879
27600	308
27601	939
27602	591
27603	92
27604	368
27605	548
27606	25
27607	922
27608	602
27609	445
27610	91
27611	446
27612	163
27613	486
27614	0
27615	1
27616	38
27617	133
27618	92
27619	0
27620	698
27621	850
27622	18
27623	367
27624	686
27625	681
27626	2
27627	602
27628	418
27629	461
27630	544
27631	673
27632	360
27633	8
27634	228
27635	787
27636	562
27637	619
27638	207
27639	106
27640	642
27641	168
27642	603
27643	4
27644	48
27645	0
27646	166
27647	1
27648	949
27649	542
27650	582
27651	7
27652	50
27653	420
27654	293
27655	121
27656	866
27657	58
27658	477
27659	303
27660	0
27661	761
27662	100
27663	528
27664	118
27665	292
27666	87
27667	719
27668	334
27669	40
27670	129
27671	190
27672	418
27673	1189
27674	894
27675	61
27676	502
27677	102
27678	767
27679	116
27680	611
27681	2
27682	266
27683	89
27684	769
27685	453
27686	336
27687	26
27688	610
27689	123
27690	300
27691	87
27692	4
27693	165
27694	0
27695	701
27696	442
27697	197
27698	620
27699	4
27700	777
27701	36
27702	551
27703	855
27704	497
27705	162
27706	242
27707	868
27708	1
27709	585
27710	161
27711	592
27712	5
27713	239
27714	40
27715	82
27716	230
27717	762
27718	397
27719	1
27720	613
27721	131
27722	1227
27723	702
27724	963
27725	349
27726	139
27727	370
27728	585
27729	4
27730	54
27731	690
27732	251
27733	180
27734	54
27735	236
27736	423
27737	556
27738	633
27739	548
27740	462
27741	0
27742	938
27743	588
27744	46
27745	873
27746	656
27747	85
