37278	724
37279	476
37280	455
37281	84
37282	214
37283	240
37284	706
37285	613
37286	310
37287	366
37288	53
37289	595
37290	257
37291	252
37292	10
37293	160
37294	597
37295	15
37296	512
37297	0
37298	213
37299	345
37300	224
37301	265
37302	265
37303	438
37304	419
37305	83
37306	514
37307	348
37308	87
37309	489
37310	262
37311	43
37312	45
37313	371
37314	1026
37315	290
37316	296
37317	256
37318	21
37319	566
37320	543
37321	262
37322	314
37323	480
37324	224
37325	452
37326	327
37327	4
37328	19
37329	451
37330	590
37331	604
37332	89
37333	105
37334	24
37335	212
37336	94
37337	647
37338	668
37339	539
37340	190
37341	84
37342	220
37343	877
37344	612
37345	614
37346	325
37347	456
37348	264
37349	231
37350	352
37351	167
37352	789
37353	75
37354	196
37355	0
37356	699
37357	186
37358	263
37359	501
37360	380
37361	372
37362	640
37363	216
37364	790
37365	651
37366	431
37367	433
37368	163
37369	675
37370	161
37371	407
37372	176
37373	201
37374	171
37375	47
37376	45
37377	396
37378	203
37379	811
37380	822
37381	784
37382	1037
37383	885
37384	932
37385	359
37386	574
37387	466
37388	318
37389	414
37390	230
37391	426
37392	1
37393	472
37394	3
37395	172
37396	33
37397	268
37398	758
37399	1
37400	762
37401	694
37402	771
37403	19
37404	165
37405	0
37406	271
37407	353
37408	564
37409	668
37410	56
37411	327
37412	12
37413	286
37414	100
37415	174
37416	275
37417	890
37418	501
37419	441
37420	613
37421	546
37422	202
37423	1
37424	312
37425	154
37426	204
37427	263
37428	893
37429	64
37430	506
37431	86
37432	571
37433	522
37434	781
37435	113
37436	717
37437	321
37438	642
37439	160
37440	275
37441	221
37442	462
37443	287
37444	95
37445	260
37446	432
37447	290
37448	165
37449	484
37450	424
37451	197
37452	239
37453	527
37454	676
37455	236
37456	377
37457	657
37458	429
37459	598
37460	696
37461	305
37462	463
37463	272
37464	167
37465	235
37466	129
37467	79
37468	399
37469	1
37470	211
37471	468
37472	0
37473	680
37474	732
37475	45
37476	564
37477	644
37478	20
37479	625
37480	724
37481	341
37482	147
37483	44
37484	0
37485	157
37486	12
37487	545
37488	22
37489	451
37490	13
37491	377
37492	676
37493	408
37494	604
37495	51
37496	11
37497	269
37498	374
37499	119
37500	37
37501	190
37502	318
37503	582
37504	238
37505	0
37506	880
37507	242
37508	0
37509	488
37510	322
37511	589
37512	261
37513	496
37514	45
37515	593
37516	718
37517	800
37518	804
37519	82
37520	229
37521	879
37522	554
37523	1
37524	569
37525	441
37526	177
37527	20
37528	794
37529	411
37530	627
37531	307
37532	7
37533	162
37534	10
37535	20
37536	102
37537	210
37538	1
37539	543
37540	729
37541	357
37542	439
37543	311
37544	95
37545	190
37546	439
37547	396
37548	28
37549	40
37550	33
37551	54
37552	659
37553	381
37554	472
37555	458
37556	486
37557	440
37558	89
37559	353
37560	411
37561	0
37562	744
37563	100
37564	689
37565	906
37566	712
37567	687
37568	253
37569	595
37570	401
37571	423
37572	71
37573	497
37574	538
37575	364
37576	723
37577	850
37578	533
37579	655
37580	391
37581	349
37582	321
37583	544
37584	571
37585	158
37586	9
37587	55
37588	471
37589	590
37590	578
37591	93
37592	317
37593	279
37594	524
37595	10
37596	566
37597	395
37598	416
37599	0
37600	46
37601	526
37602	551
37603	449
37604	529
37605	598
37606	4
37607	686
37608	230
37609	487
37610	405
37611	120
37612	49
37613	82
37614	623
37615	37
37616	690
37617	616
37618	498
37619	35
37620	388
37621	270
37622	30
37623	597
37624	288
37625	385
37626	16
37627	98
37628	723
37629	239
37630	106
37631	110
37632	0
37633	11
37634	187
37635	891
37636	4
37637	22
37638	496
37639	110
37640	377
37641	116
37642	248
37643	885
37644	722
37645	10
37646	4
37647	705
37648	489
37649	911
37650	483
37651	139
37652	701
37653	903
37654	829
37655	1048
37656	441
37657	323
37658	310
37659	464
37660	398
37661	217
37662	313
37663	480
37664	648
37665	698
37666	575
37667	581
37668	564
37669	20
37670	324
37671	84
37672	395
37673	277
37674	202
37675	670
37676	0
37677	236
37678	67
37679	504
37680	16
37681	443
37682	502
37683	138
37684	277
37685	504
37686	79
37687	16
37688	104
37689	433
37690	323
37691	303
37692	498
37693	136
37694	808
37695	243
37696	426
37697	198
37698	1095
37699	675
37700	621
37701	682
37702	282
37703	510
37704	70
37705	1
37706	553
37707	418
37708	490
37709	14
37710	582
37711	88
37712	462
37713	442
37714	154
37715	289
37716	112
37717	70
37718	213
37719	474
37720	210
37721	612
37722	416
37723	442
37724	497
37725	677
37726	427
37727	573
37728	212
37729	36
37730	640
37731	450
37732	5
37733	517
37734	363
37735	236
37736	673
37737	1
37738	528
37739	198
37740	441
37741	0
37742	208
37743	53
37744	20
37745	39
37746	396
37747	731
37748	519
37749	335
37750	294
37751	548
37752	644
37753	261
37754	587
37755	474
37756	91
37757	142
37758	3
37759	348
37760	868
37761	691
37762	564
37763	859
37764	509
37765	473
37766	394
37767	72
37768	387
37769	331
37770	0
37771	167
37772	74
37773	605
37774	298
37775	0
37776	57
37777	237
37778	175
37779	12
37780	419
37781	281
37782	1
37783	0
37784	427
37785	212
37786	157
37787	86
37788	315
37789	437
37790	4
37791	288
37792	558
37793	369
37794	748
37795	707
37796	375
37797	699
37798	535
37799	480
37800	1062
37801	1
37802	129
37803	824
37804	511
37805	205
37806	433
37807	413
37808	569
37809	134
37810	6
37811	162
37812	505
37813	405
37814	429
37815	77
37816	0
37817	26
37818	473
37819	230
37820	43
37821	3
37822	376
37823	813
37824	142
37825	144
37826	33
37827	285
37828	402
37829	528
37830	761
37831	62
37832	0
37833	310
37834	49
37835	4
37836	576
37837	125
37838	568
37839	80
37840	1
37841	21
37842	45
37843	414
37844	647
37845	512
37846	175
37847	64
37848	135
37849	144
37850	111
37851	336
37852	46
37853	40
37854	291
37855	443
37856	71
37857	4
37858	226
37859	350
37860	0
37861	443
37862	267
37863	435
37864	33
37865	129
37866	528
37867	853
37868	904
37869	167
37870	284
37871	373
37872	123
37873	212
37874	93
37875	508
37876	37
37877	198
37878	661
37879	695
37880	351
37881	616
37882	49
37883	374
37884	484
37885	425
37886	53
37887	863
37888	9
37889	570
37890	466
37891	281
37892	273
37893	90
37894	179
37895	86
37896	1
37897	1
37898	593
37899	186
37900	387
37901	801
37902	1
37903	614
37904	166
37905	701
37906	314
37907	689
37908	338
37909	3
37910	22
37911	65
37912	511
37913	304
37914	94
37915	521
37916	420
37917	659
37918	461
37919	14
37920	230
37921	412
37922	156
37923	128
37924	474
37925	277
37926	401
37927	166
37928	440
37929	385
37930	1024
37931	384
37932	177
37933	687
37934	515
37935	707
37936	53
37937	20
37938	395
