17607	405
17608	213
17609	495
17610	253
17611	194
17612	10
17613	599
17614	930
17615	642
17616	269
17617	386
17618	10
17619	41
17620	342
17621	389
17622	348
17623	2
17624	193
17625	0
17626	178
17627	190
17628	156
17629	771
17630	9
17631	11
17632	182
17633	83
17634	345
17635	129
17636	293
17637	12
17638	416
17639	27
17640	24
17641	775
17642	69
17643	462
17644	56
17645	359
17646	34
17647	315
17648	0
17649	247
17650	116
17651	496
17652	0
17653	271
17654	4
17655	326
17656	450
17657	116
17658	4
17659	0
17660	172
17661	468
17662	78
17663	0
17664	0
17665	343
17666	33
17667	38
17668	412
17669	725
17670	584
17671	400
17672	0
17673	834
17674	297
17675	530
17676	2
17677	12
17678	43
17679	374
17680	0
17681	470
17682	99
17683	0
17684	178
17685	519
17686	83
17687	37
17688	540
17689	457
17690	551
17691	63
17692	660
17693	354
17694	27
17695	80
17696	90
17697	206
17698	318
17699	2
17700	668
17701	500
17702	237
17703	148
17704	58
17705	4
17706	0
17707	592
17708	299
17709	37
17710	632
17711	84
17712	372
17713	182
17714	246
17715	708
17716	0
17717	8
17718	491
17719	205
17720	68
17721	940
17722	488
17723	0
17724	376
17725	337
17726	730
17727	220
17728	54
17729	198
17730	142
17731	166
17732	181
17733	760
17734	165
17735	17
17736	262
17737	342
17738	538
17739	11
17740	14
17741	46
17742	174
17743	195
17744	11
17745	832
17746	195
17747	1
17748	317
17749	116
17750	201
17751	60
17752	5
17753	16
17754	567
17755	115
17756	52
17757	297
17758	0
17759	310
17760	1
17761	0
17762	41
17763	32
17764	10
17765	83
17766	408
17767	234
17768	634
17769	4
17770	140
17771	41
17772	169
17773	546
17774	32
17775	0
17776	294
17777	268
17778	546
17779	346
17780	444
17781	16
17782	176
17783	68
17784	929
17785	129
17786	423
17787	680
17788	454
17789	549
17790	704
17791	208
17792	393
17793	265
17794	284
17795	32
17796	458
17797	301
17798	128
17799	815
17800	884
17801	501
17802	0
17803	133
17804	463
17805	0
17806	643
17807	581
17808	3
17809	585
17810	85
17811	3
17812	54
17813	384
17814	737
17815	367
17816	400
17817	672
17818	122
17819	0
17820	22
17821	51
17822	469
17823	228
17824	402
17825	352
17826	562
17827	78
17828	310
17829	0
17830	691
17831	362
17832	275
17833	539
17834	763
17835	266
17836	559
17837	188
17838	510
17839	581
17840	374
17841	185
17842	158
17843	137
17844	484
17845	17
17846	1
17847	288
17848	149
17849	51
17850	67
17851	11
17852	401
17853	33
17854	1
17855	3
17856	0
17857	711
17858	323
17859	400
17860	595
17861	12
17862	163
17863	93
17864	0
17865	5
17866	18
17867	4
17868	4
17869	424
17870	35
17871	20
17872	372
17873	576
17874	526
17875	56
17876	228
17877	716
17878	420
17879	491
17880	592
17881	173
17882	11
17883	6
17884	102
17885	476
17886	165
17887	186
17888	114
17889	35
17890	16
17891	135
17892	271
17893	117
17894	106
17895	38
17896	336
17897	382
17898	447
17899	369
17900	0
17901	4
17902	8
17903	293
17904	988
17905	749
17906	803
17907	160
17908	20
17909	375
17910	113
17911	138
17912	335
17913	180
17914	96
17915	592
17916	675
17917	726
17918	324
17919	178
17920	51
17921	726
17922	244
17923	101
17924	532
17925	7
17926	21
17927	75
17928	49
17929	453
17930	132
17931	643
17932	205
17933	378
17934	10
17935	351
17936	247
17937	120
17938	5
17939	281
17940	161
17941	142
17942	444
17943	133
17944	189
17945	0
17946	44
17947	488
17948	553
17949	14
17950	687
17951	656
17952	11
17953	558
17954	385
17955	290
17956	280
17957	230
17958	478
17959	455
17960	257
17961	246
17962	668
17963	5
17964	708
17965	231
17966	1
17967	120
17968	46
17969	70
17970	229
17971	9
17972	23
17973	1
17974	457
17975	87
17976	39
17977	139
17978	9
17979	27
17980	49
17981	290
17982	442
17983	157
17984	94
17985	45
17986	45
17987	3
17988	125
17989	272
17990	122
17991	15
17992	349
17993	103
17994	0
17995	336
17996	0
17997	249
17998	16
17999	329
18000	467
18001	507
18002	82
18003	10
18004	321
18005	338
18006	542
18007	57
18008	169
18009	11
18010	678
18011	325
18012	140
18013	15
18014	198
18015	224
18016	225
18017	299
18018	559
18019	517
18020	220
18021	114
18022	100
18023	156
18024	72
18025	742
18026	727
18027	360
18028	0
18029	42
18030	235
18031	585
18032	0
18033	504
18034	105
18035	131
18036	428
18037	143
18038	291
18039	701
18040	20
18041	378
18042	355
18043	550
18044	437
18045	489
18046	775
18047	0
18048	10
18049	135
18050	333
18051	0
18052	598
18053	519
18054	560
18055	361
18056	561
18057	60
18058	10
18059	510
18060	20
18061	21
18062	39
18063	0
18064	238
18065	562
18066	70
18067	0
18068	20
18069	38
18070	409
18071	586
18072	7
18073	699
18074	230
18075	744
18076	748
18077	284
18078	314
18079	34
18080	2
18081	9
18082	376
18083	422
18084	332
18085	340
18086	198
18087	187
18088	376
18089	311
18090	188
18091	568
18092	16
18093	554
18094	0
18095	2
18096	446
18097	327
18098	511
18099	470
18100	49
18101	532
18102	420
18103	526
18104	526
18105	40
18106	16
18107	456
18108	359
18109	10
18110	36
18111	169
18112	457
18113	81
18114	26
18115	542
18116	46
18117	571
18118	1
18119	30
18120	10
18121	904
18122	378
18123	22
18124	39
18125	3
18126	17
18127	738
18128	319
18129	655
18130	10
18131	29
18132	393
18133	112
18134	265
18135	496
18136	653
18137	25
18138	396
18139	610
18140	0
18141	165
18142	35
18143	38
18144	23
18145	34
18146	543
18147	150
18148	0
18149	456
18150	130
18151	464
18152	336
18153	249
18154	725
18155	102
18156	219
18157	383
18158	387
18159	111
18160	625
18161	690
18162	174
18163	662
18164	640
18165	363
18166	101
18167	0
18168	352
18169	516
18170	12
18171	369
18172	34
18173	264
18174	40
18175	609
18176	83
18177	476
18178	10
18179	780
18180	5
18181	0
18182	29
18183	480
18184	123
18185	59
18186	574
18187	190
18188	220
18189	353
18190	169
18191	1053
18192	427
18193	348
18194	106
18195	733
18196	671
18197	701
18198	16
18199	86
18200	379
18201	211
18202	71
18203	38
18204	1
18205	489
18206	648
18207	60
18208	22
18209	10
18210	418
18211	673
18212	475
18213	141
18214	778
18215	496
18216	92
18217	230
18218	364
18219	897
18220	728
18221	267
18222	303
18223	502
18224	12
18225	386
18226	148
18227	41
18228	395
18229	226
18230	797
18231	780
18232	166
18233	0
18234	429
18235	414
18236	0
18237	169
18238	1
18239	22
18240	209
18241	691
18242	66
18243	167
18244	601
18245	182
18246	35
18247	340
18248	338
18249	23
18250	131
18251	657
18252	793
18253	66
18254	661
18255	67
18256	11
18257	363
18258	4
18259	101
18260	697
18261	180
18262	0
18263	143
18264	32
18265	274
18266	285
18267	582
18268	169
18269	151
18270	913
18271	1
18272	220
18273	427
18274	582
18275	12
18276	592
18277	0
18278	556
18279	757
18280	246
18281	80
18282	283
18283	401
18284	489
18285	548
18286	132
18287	569
18288	20
18289	8
18290	97
18291	254
18292	370
18293	747
18294	75
18295	1
18296	0
18297	401
18298	453
18299	494
18300	122
18301	22
18302	418
18303	0
18304	239
18305	468
18306	193
18307	230
18308	126
18309	178
18310	400
18311	554
18312	153
18313	584
18314	186
18315	80
18316	233
18317	407
18318	455
18319	27
18320	95
18321	288
18322	595
18323	171
18324	68
18325	11
18326	296
18327	24
18328	914
18329	279
18330	10
18331	447
18332	159
18333	26
18334	47
18335	0
18336	886
18337	591
18338	1
18339	674
18340	19
18341	375
18342	471
18343	45
18344	6
18345	272
18346	25
18347	144
18348	346
18349	106
18350	56
18351	144
18352	57
18353	40
18354	675
18355	287
18356	6
18357	16
18358	190
18359	6
18360	6
18361	294
18362	10
18363	529
18364	59
18365	0
