50169	333
50170	287
50171	212
50172	490
50173	678
50174	864
50175	631
50176	704
50177	22
50178	619
50179	732
50180	1012
50181	872
50182	882
50183	543
50184	635
50185	606
50186	186
50187	641
50188	574
50189	0
50190	28
50191	708
50192	0
50193	266
50194	446
50195	120
50196	436
50197	3
50198	396
50199	703
50200	100
50201	21
50202	359
50203	530
50204	270
50205	224
50206	37
50207	364
50208	117
50209	619
50210	404
50211	359
50212	108
50213	733
50214	774
50215	239
50216	456
50217	768
50218	474
50219	880
50220	744
50221	43
50222	394
50223	269
50224	78
50225	137
50226	520
50227	563
50228	278
50229	259
50230	479
50231	441
50232	457
50233	262
50234	368
50235	794
50236	84
50237	10
50238	58
50239	80
50240	374
50241	845
50242	758
50243	931
50244	30
50245	595
50246	470
50247	661
50248	506
50249	771
50250	35
50251	803
50252	413
50253	11
50254	424
50255	525
50256	660
50257	738
50258	37
50259	600
50260	682
50261	0
50262	179
50263	0
50264	674
50265	1
50266	343
50267	446
50268	66
50269	601
50270	729
50271	150
50272	180
50273	613
50274	664
50275	28
50276	431
50277	35
50278	28
50279	1190
50280	418
50281	258
50282	1
50283	536
50284	28
50285	93
50286	5
50287	226
50288	129
50289	119
50290	365
50291	17
50292	935
50293	15
50294	852
50295	396
50296	484
50297	476
50298	421
50299	82
50300	56
50301	510
50302	124
50303	497
50304	233
50305	1008
50306	363
50307	344
50308	120
50309	10
50310	236
50311	242
50312	418
50313	61
50314	607
50315	442
50316	575
50317	0
50318	106
50319	549
50320	610
50321	126
50322	578
50323	14
50324	173
50325	122
50326	403
50327	124
50328	619
50329	464
50330	131
50331	49
50332	461
50333	330
50334	390
50335	614
50336	436
50337	216
50338	369
50339	232
50340	116
50341	422
50342	549
50343	589
50344	168
50345	556
50346	650
50347	0
50348	150
50349	170
50350	550
50351	256
50352	320
50353	530
50354	276
50355	241
50356	418
50357	60
50358	1007
50359	304
50360	20
50361	414
50362	697
50363	638
50364	1166
50365	144
50366	35
50367	423
50368	745
50369	608
50370	528
50371	127
50372	79
50373	46
50374	490
50375	83
50376	127
50377	460
50378	552
50379	573
50380	55
50381	296
50382	389
50383	161
50384	261
50385	183
50386	718
50387	114
50388	417
50389	582
50390	20
50391	493
50392	667
50393	0
50394	526
50395	557
50396	469
50397	471
50398	388
50399	0
50400	116
50401	26
50402	518
50403	803
50404	1013
50405	12
50406	85
50407	879
50408	629
50409	721
50410	850
50411	410
50412	132
50413	398
50414	174
50415	691
50416	797
50417	979
50418	650
50419	705
50420	357
50421	755
50422	178
50423	408
50424	7
50425	454
50426	374
50427	60
50428	0
50429	274
50430	765
50431	14
50432	113
50433	699
50434	116
50435	249
50436	145
50437	254
50438	923
50439	890
50440	1005
50441	0
50442	228
50443	566
50444	3
50445	51
50446	858
50447	518
50448	1
50449	820
50450	802
50451	242
50452	412
50453	466
50454	26
50455	747
50456	1021
50457	752
50458	11
50459	232
50460	443
50461	74
50462	324
50463	139
50464	511
50465	192
50466	996
50467	870
50468	949
50469	908
50470	317
50471	489
50472	598
50473	450
50474	345
50475	851
50476	222
50477	534
50478	402
50479	646
50480	638
50481	412
50482	268
50483	100
50484	0
50485	527
50486	584
50487	426
50488	29
50489	991
50490	42
50491	692
50492	301
50493	590
50494	141
50495	14
50496	394
50497	381
50498	159
50499	241
50500	429
50501	1340
50502	637
50503	294
50504	2
50505	223
50506	691
50507	768
50508	572
50509	403
50510	451
50511	685
50512	292
50513	34
50514	81
50515	478
50516	11
50517	508
50518	8
50519	174
50520	20
50521	438
50522	170
50523	717
50524	15
50525	153
50526	440
50527	561
50528	11
50529	528
50530	315
50531	265
50532	559
50533	0
50534	250
50535	454
50536	165
50537	1
50538	4
50539	481
50540	101
50541	670
50542	618
50543	117
50544	1
50545	713
50546	614
50547	560
50548	502
50549	146
50550	159
50551	843
50552	152
50553	361
50554	581
50555	619
50556	221
50557	802
50558	59
50559	154
50560	850
50561	610
50562	1017
50563	599
50564	934
50565	377
50566	104
50567	902
50568	420
50569	61
50570	375
50571	640
50572	680
50573	697
50574	261
50575	699
50576	503
50577	639
50578	84
50579	721
50580	37
50581	190
50582	1
50583	411
50584	0
50585	396
50586	650
50587	0
50588	521
50589	10
50590	190
50591	384
50592	925
50593	892
50594	649
50595	119
50596	674
50597	52
50598	500
50599	608
50600	638
50601	120
50602	423
50603	563
50604	32
50605	706
50606	20
50607	4
50608	504
50609	643
50610	421
50611	341
50612	185
50613	567
50614	306
50615	572
50616	337
50617	167
50618	387
50619	203
50620	11
50621	847
50622	656
50623	515
50624	153
50625	298
50626	761
50627	217
50628	475
50629	116
50630	60
50631	465
50632	194
50633	876
50634	666
50635	719
50636	56
50637	707
50638	26
50639	30
50640	356
50641	12
50642	536
50643	741
50644	615
50645	704
50646	392
50647	496
50648	84
50649	303
50650	322
50651	443
50652	737
50653	481
50654	540
50655	182
50656	1
50657	244
50658	607
50659	77
50660	520
50661	713
50662	567
50663	467
50664	220
50665	378
50666	12
50667	496
50668	632
50669	351
50670	690
50671	135
50672	242
50673	90
50674	84
50675	688
50676	772
50677	693
50678	597
50679	807
50680	371
50681	132
50682	560
50683	676
50684	0
50685	207
50686	110
50687	836
50688	397
50689	514
50690	17
50691	577
50692	541
50693	556
50694	543
50695	89
50696	359
50697	668
50698	407
50699	546
50700	110
50701	606
50702	23
50703	289
50704	336
50705	613
50706	787
50707	145
50708	1052
50709	783
50710	476
50711	502
50712	658
50713	652
50714	468
50715	516
50716	946
50717	527
50718	430
50719	552
50720	52
50721	400
50722	20
50723	511
50724	84
50725	20
50726	362
50727	274
50728	327
50729	21
50730	6
50731	626
50732	518
50733	506
50734	546
50735	411
50736	491
50737	600
50738	648
50739	208
50740	331
50741	597
50742	6
50743	416
50744	411
50745	837
50746	91
50747	371
50748	717
50749	464
50750	316
50751	94
50752	4
50753	693
50754	578
50755	123
50756	749
50757	49
50758	129
50759	610
50760	138
50761	580
50762	55
50763	122
50764	58
50765	499
50766	108
50767	1
50768	604
50769	391
50770	162
50771	34
50772	321
50773	23
50774	341
50775	650
50776	65
50777	45
50778	144
50779	423
50780	448
50781	716
50782	696
50783	884
50784	940
50785	545
50786	942
50787	580
50788	711
50789	449
50790	522
50791	535
50792	10
50793	452
50794	487
50795	498
50796	624
50797	56
50798	153
50799	162
50800	404
50801	369
50802	238
50803	356
50804	110
50805	473
50806	744
50807	418
50808	229
50809	45
50810	431
50811	20
50812	141
50813	1084
50814	819
50815	858
50816	813
50817	418
50818	229
50819	128
50820	604
50821	145
50822	511
50823	392
50824	130
50825	494
50826	259
50827	549
50828	668
50829	834
50830	769
50831	813
50832	558
50833	492
50834	339
50835	362
50836	356
50837	70
50838	541
50839	789
50840	474
50841	531
50842	1243
50843	1087
50844	557
50845	157
50846	222
50847	126
50848	612
50849	447
50850	554
50851	701
50852	513
50853	643
50854	341
50855	50
50856	652
50857	288
50858	0
50859	377
50860	120
50861	456
50862	403
50863	350
50864	761
50865	120
50866	421
50867	381
50868	464
50869	117
50870	743
50871	576
50872	617
50873	741
50874	3
50875	291
50876	259
50877	25
50878	10
50879	45
50880	0
50881	309
50882	541
50883	1
50884	633
50885	471
50886	186
50887	550
50888	35
50889	579
50890	88
50891	575
50892	340
50893	427
50894	395
50895	320
50896	474
50897	397
50898	501
50899	454
50900	468
50901	710
50902	268
50903	222
50904	233
50905	637
50906	808
50907	551
50908	858
50909	72
50910	513
50911	871
50912	441
50913	208
50914	223
50915	316
50916	481
50917	353
50918	0
50919	851
50920	325
50921	333
50922	103
50923	517
50924	180
50925	234
50926	803
50927	315
50928	47
50929	365
50930	7
50931	167
50932	203
50933	14
50934	125
50935	588
50936	242
50937	636
50938	266
50939	55
50940	92
50941	464
50942	102
50943	241
50944	554
50945	16
50946	698
50947	941
50948	93
50949	51
50950	603
50951	522
50952	702
50953	424
50954	6
50955	1101
50956	0
50957	0
50958	499
50959	604
50960	385
50961	558
50962	685
50963	1110
50964	712
50965	601
50966	454
50967	158
50968	431
50969	274
50970	102
50971	421
50972	325
50973	56
50974	219
50975	0
50976	593
50977	277
50978	367
50979	122
50980	352
50981	85
50982	544
50983	715
50984	657
50985	0
50986	774
50987	423
50988	634
50989	806
50990	713
50991	21
50992	11
50993	320
50994	336
50995	404
50996	344
50997	226
50998	960
50999	84
51000	420
51001	534
51002	15
51003	157
51004	507
51005	253
51006	20
51007	453
51008	357
51009	78
51010	65
51011	198
51012	48
51013	130
51014	258
51015	90
51016	50
51017	489
51018	503
51019	122
51020	621
51021	559
51022	664
51023	38
51024	552
51025	639
51026	577
51027	777
51028	666
51029	972
51030	223
51031	434
51032	239
51033	478
51034	10
51035	336
51036	223
51037	377
51038	377
51039	136
51040	518
51041	700
51042	63
51043	4
51044	27
51045	344
51046	423
51047	429
51048	462
51049	589
51050	552
51051	79
51052	56
51053	467
51054	58
51055	829
51056	720
51057	557
51058	221
51059	497
51060	516
51061	475
51062	70
51063	169
51064	805
51065	759
51066	579
51067	26
51068	400
51069	213
51070	382
51071	10
51072	3
51073	20
51074	696
51075	265
51076	358
51077	363
51078	497
51079	574
51080	36
51081	104
51082	646
51083	349
51084	682
51085	19
51086	604
51087	533
51088	648
51089	421
51090	285
51091	0
51092	635
51093	1
51094	10
51095	118
51096	377
51097	526
51098	442
51099	93
51100	509
51101	753
51102	276
51103	1
51104	426
51105	2
51106	362
51107	665
51108	469
51109	16
51110	403
51111	757
51112	784
51113	660
51114	793
51115	873
51116	670
51117	343
51118	449
51119	7
51120	478
51121	45
51122	530
51123	569
51124	489
51125	46
51126	40
51127	27
51128	55
51129	6
51130	411
51131	305
51132	497
51133	615
51134	389
51135	259
51136	406
51137	573
51138	434
51139	120
51140	526
51141	638
51142	1
51143	314
51144	372
51145	20
51146	5
51147	434
51148	642
51149	643
51150	371
51151	94
51152	604
51153	56
51154	416
51155	55
51156	665
51157	545
51158	0
51159	329
51160	271
51161	90
51162	20
51163	491
51164	645
51165	346
51166	689
51167	443
51168	147
51169	773
51170	970
51171	1070
51172	282
51173	84
51174	452
51175	556
51176	280
51177	695
51178	652
51179	281
51180	513
51181	120
51182	11
51183	118
51184	114
51185	734
51186	932
51187	127
51188	736
51189	532
51190	463
51191	523
51192	8
51193	121
51194	98
51195	628
51196	358
51197	0
51198	56
51199	445
51200	484
51201	109
51202	322
51203	403
51204	126
51205	615
51206	86
51207	675
51208	233
51209	323
51210	10
51211	323
51212	293
51213	4
51214	145
51215	321
51216	0
51217	303
51218	934
51219	877
51220	709
51221	1041
51222	405
51223	320
51224	646
51225	94
51226	49
51227	50
51228	383
51229	88
51230	1238
51231	265
51232	263
51233	335
51234	820
51235	861
51236	112
51237	406
51238	412
51239	251
51240	171
51241	740
51242	30
51243	523
51244	522
51245	464
51246	553
51247	504
51248	528
51249	625
51250	498
51251	1
51252	367
51253	560
51254	83
51255	402
51256	686
51257	463
51258	57
51259	131
51260	214
51261	218
51262	17
51263	35
51264	41
51265	626
51266	292
51267	409
51268	328
51269	120
51270	351
51271	1153
51272	194
51273	407
51274	491
51275	863
51276	537
51277	768
51278	391
51279	117
51280	28
51281	573
51282	462
51283	168
51284	237
51285	58
51286	570
51287	188
51288	687
51289	442
51290	611
51291	26
51292	86
51293	35
51294	235
51295	36
51296	377
51297	93
51298	658
51299	86
51300	182
51301	0
51302	57
51303	21
51304	455
51305	243
51306	46
51307	155
51308	0
51309	14
51310	144
51311	426
51312	849
51313	781
51314	10
51315	222
51316	450
51317	76
51318	3
51319	58
51320	734
51321	617
51322	349
51323	421
51324	39
51325	499
51326	559
51327	566
51328	490
51329	568
51330	452
51331	4
51332	154
51333	187
51334	86
51335	476
51336	20
51337	1055
51338	5
51339	458
51340	14
51341	0
51342	185
51343	943
51344	714
51345	592
51346	502
51347	14
51348	845
51349	0
51350	96
51351	572
51352	490
51353	318
51354	370
51355	545
51356	50
51357	203
51358	136
51359	476
51360	407
51361	4
51362	487
51363	787
51364	805
51365	485
51366	908
51367	355
51368	630
51369	682
51370	607
51371	638
51372	778
51373	215
51374	762
51375	436
51376	188
51377	523
51378	419
51379	258
51380	505
51381	165
51382	146
51383	424
51384	754
51385	461
51386	29
51387	345
51388	126
51389	688
51390	452
51391	185
51392	687
51393	350
51394	262
51395	0
51396	219
51397	434
51398	297
51399	227
51400	633
51401	111
51402	578
51403	228
51404	250
51405	556
51406	30
51407	309
51408	3
51409	474
51410	582
51411	725
51412	431
51413	53
51414	599
51415	669
51416	21
51417	947
51418	0
51419	812
51420	55
51421	363
51422	4
51423	501
51424	724
51425	259
51426	7
51427	7
51428	37
51429	227
51430	810
51431	640
51432	520
51433	320
51434	48
51435	10
51436	506
51437	830
51438	412
51439	469
51440	769
51441	242
51442	20
51443	40
51444	236
51445	503
51446	110
51447	419
51448	609
51449	351
51450	2
51451	1
51452	1
51453	605
51454	2
51455	20
51456	4
51457	592
