62772	400
62773	776
62774	509
62775	213
62776	757
62777	209
62778	620
62779	116
62780	111
62781	562
62782	367
62783	698
62784	627
62785	97
62786	136
62787	280
62788	303
62789	486
62790	10
62791	262
62792	479
62793	440
62794	324
62795	409
62796	252
62797	175
62798	46
62799	42
62800	214
62801	559
62802	298
62803	201
62804	413
62805	164
62806	916
62807	627
62808	174
62809	435
62810	293
62811	434
62812	2
62813	320
62814	370
62815	326
62816	409
62817	79
62818	724
62819	759
62820	133
62821	1
62822	0
62823	6
62824	0
62825	510
62826	723
62827	758
62828	35
62829	230
62830	601
62831	615
62832	468
62833	659
62834	72
62835	612
62836	511
62837	728
62838	1167
62839	606
62840	194
62841	180
62842	578
62843	10
62844	345
62845	0
62846	364
62847	424
62848	388
62849	56
62850	363
62851	203
62852	546
62853	0
62854	149
62855	439
62856	260
62857	22
62858	66
62859	318
62860	565
62861	510
62862	378
62863	262
62864	423
62865	1
62866	57
62867	10
62868	181
62869	22
62870	763
62871	24
62872	353
62873	549
62874	482
62875	415
62876	336
62877	0
62878	235
62879	431
62880	84
62881	440
62882	91
62883	0
62884	390
62885	691
62886	524
62887	545
62888	39
62889	508
62890	0
62891	224
62892	272
62893	10
62894	56
62895	212
62896	101
62897	239
62898	0
62899	344
62900	391
62901	1
62902	389
62903	282
62904	11
62905	518
62906	0
62907	20
62908	20
62909	98
62910	716
62911	650
62912	551
62913	834
62914	285
62915	0
62916	651
62917	452
62918	15
62919	125
62920	231
62921	553
62922	542
62923	352
62924	291
62925	374
62926	0
62927	136
62928	4
62929	0
62930	0
62931	0
62932	460
62933	171
62934	729
62935	129
62936	0
62937	11
62938	6
62939	82
62940	479
62941	621
62942	582
62943	667
62944	450
62945	116
62946	8
62947	789
62948	761
62949	122
62950	379
62951	460
62952	0
62953	207
62954	771
62955	39
62956	100
62957	121
62958	410
62959	266
62960	727
62961	325
62962	10
62963	498
62964	114
62965	0
62966	591
62967	135
62968	84
62969	140
62970	740
62971	301
62972	282
62973	11
62974	645
62975	708
62976	946
62977	177
62978	45
62979	460
62980	370
62981	654
62982	985
62983	718
62984	866
62985	818
62986	203
62987	386
62988	673
62989	705
62990	117
62991	314
62992	346
62993	202
62994	323
62995	572
62996	433
62997	632
62998	28
62999	105
63000	56
63001	35
63002	6
63003	301
63004	504
63005	116
63006	585
63007	592
63008	97
63009	211
63010	21
63011	218
63012	396
63013	287
63014	39
63015	24
63016	17
63017	178
63018	870
63019	308
63020	20
63021	8
63022	87
63023	87
63024	51
63025	1
63026	30
63027	279
63028	694
63029	371
63030	550
63031	630
63032	524
63033	515
63034	534
63035	559
63036	1
63037	604
63038	398
63039	2
63040	471
63041	120
63042	787
63043	230
63044	238
63045	457
63046	527
63047	321
63048	137
63049	1044
63050	305
63051	8
63052	387
63053	372
63054	328
63055	436
63056	0
63057	712
63058	99
63059	0
63060	688
63061	0
63062	419
63063	225
63064	454
63065	19
63066	39
63067	541
63068	51
63069	417
63070	426
63071	0
63072	1015
63073	1045
63074	528
63075	462
63076	0
63077	268
63078	512
63079	391
63080	703
63081	703
63082	442
63083	330
63084	442
63085	62
63086	748
63087	734
63088	551
63089	708
63090	705
63091	292
63092	267
63093	538
63094	316
63095	6
63096	294
63097	561
63098	511
63099	356
63100	106
63101	10
63102	535
63103	71
63104	123
63105	1
63106	99
63107	1
63108	537
63109	406
63110	415
63111	10
63112	149
63113	406
63114	438
63115	35
63116	6
63117	495
63118	814
63119	404
63120	752
63121	434
63122	224
63123	162
63124	124
63125	132
63126	231
63127	550
63128	928
63129	4
63130	90
63131	168
63132	603
63133	651
63134	12
63135	12
63136	610
63137	580
63138	555
63139	259
63140	759
63141	553
63142	14
63143	272
63144	674
63145	627
63146	264
63147	30
63148	668
63149	476
63150	0
63151	160
63152	67
63153	22
63154	81
63155	848
63156	932
63157	705
63158	242
63159	173
63160	588
63161	299
63162	0
63163	505
63164	393
63165	376
63166	37
63167	66
63168	60
63169	719
63170	132
63171	530
63172	314
63173	317
63174	57
63175	45
63176	516
63177	25
63178	553
63179	577
63180	577
63181	307
63182	617
63183	629
63184	34
63185	26
63186	369
63187	740
63188	504
63189	345
63190	370
63191	10
63192	453
63193	443
63194	615
63195	209
63196	133
63197	0
63198	310
63199	646
63200	779
63201	880
63202	177
63203	309
63204	1094
63205	6
63206	844
63207	952
63208	36
63209	689
63210	35
63211	194
63212	904
63213	1184
63214	30
63215	398
63216	831
63217	696
63218	701
63219	675
63220	232
63221	383
63222	472
63223	54
63224	567
63225	105
63226	670
63227	617
63228	333
63229	404
63230	0
63231	174
63232	150
63233	490
63234	256
63235	415
63236	286
63237	8
63238	272
63239	521
63240	588
63241	372
63242	626
63243	690
63244	634
63245	167
63246	18
63247	27
63248	267
63249	306
63250	0
63251	551
63252	171
63253	4
63254	318
63255	146
63256	544
63257	0
63258	153
63259	218
63260	310
63261	1076
63262	722
63263	877
63264	388
63265	35
63266	98
63267	433
63268	529
63269	500
63270	206
63271	1
63272	322
63273	414
63274	801
63275	179
63276	518
63277	93
63278	10
63279	319
63280	542
63281	707
63282	745
63283	12
63284	255
63285	430
63286	53
63287	112
63288	20
63289	9
63290	120
63291	261
63292	124
63293	248
63294	286
63295	0
63296	332
63297	374
63298	0
63299	530
63300	663
63301	693
63302	495
63303	178
63304	342
63305	736
63306	171
63307	1
63308	542
63309	321
63310	676
63311	173
63312	470
63313	452
63314	396
63315	454
63316	464
63317	539
63318	323
63319	431
63320	0
63321	811
63322	369
63323	119
63324	82
63325	722
63326	843
63327	10
63328	47
63329	890
63330	677
63331	460
63332	56
63333	326
63334	741
63335	201
63336	637
63337	363
63338	129
63339	255
63340	312
63341	495
63342	569
63343	0
63344	196
63345	291
63346	71
63347	0
63348	805
63349	460
63350	96
63351	100
63352	1
63353	0
63354	752
63355	67
63356	96
63357	28
63358	397
63359	66
63360	2
63361	451
63362	29
63363	62
63364	442
63365	406
63366	420
63367	7
63368	423
63369	407
63370	111
63371	454
63372	518
63373	36
63374	35
63375	796
63376	6
63377	6
63378	25
63379	1
63380	7
63381	285
63382	183
63383	9
63384	371
63385	165
63386	59
63387	10
63388	128
63389	321
63390	364
63391	280
63392	1
63393	555
63394	614
63395	639
63396	262
63397	680
63398	0
63399	119
63400	433
63401	778
63402	57
63403	114
63404	58
63405	38
63406	562
63407	397
63408	333
63409	136
63410	394
63411	220
63412	302
63413	109
63414	317
63415	71
63416	394
63417	337
63418	829
63419	419
63420	55
63421	0
63422	43
63423	416
63424	366
63425	338
63426	1
63427	575
63428	4
63429	680
63430	639
63431	806
63432	411
63433	0
63434	56
63435	760
63436	84
63437	59
63438	93
63439	45
63440	199
63441	615
63442	3
63443	240
63444	145
63445	345
63446	94
63447	667
63448	0
63449	119
63450	1023
63451	82
63452	0
63453	261
63454	10
63455	502
63456	19
63457	534
63458	376
63459	327
63460	363
63461	501
63462	719
63463	0
63464	372
63465	352
63466	298
63467	90
63468	13
63469	476
63470	328
63471	408
63472	12
63473	388
63474	512
63475	2
63476	552
63477	202
63478	60
63479	757
63480	230
63481	10
63482	78
63483	4
63484	45
63485	718
63486	1
63487	12
63488	1
63489	124
63490	487
63491	417
63492	317
63493	96
63494	350
63495	465
63496	0
63497	1
63498	265
63499	0
63500	147
63501	538
63502	27
63503	357
63504	35
63505	406
63506	190
63507	305
63508	255
63509	35
63510	202
63511	763
63512	3
63513	0
63514	334
63515	368
63516	293
63517	0
63518	322
63519	4
63520	17
63521	119
63522	302
63523	522
63524	613
63525	1
63526	346
63527	692
63528	350
63529	182
63530	620
63531	141
63532	568
63533	162
63534	358
63535	461
63536	859
63537	333
63538	230
63539	333
63540	933
63541	413
63542	391
63543	132
63544	509
63545	246
63546	623
63547	255
63548	36
63549	474
63550	225
63551	548
63552	281
63553	172
63554	222
63555	16
63556	414
63557	302
63558	91
63559	460
63560	115
63561	92
63562	430
63563	731
63564	1
63565	197
63566	0
63567	203
63568	0
63569	171
63570	254
63571	5
63572	15
63573	1020
63574	80
63575	331
63576	96
63577	64
63578	52
63579	168
63580	78
63581	689
63582	196
63583	578
63584	509
63585	14
63586	1
63587	0
63588	431
63589	529
63590	401
63591	240
63592	91
63593	176
63594	30
63595	591
63596	357
63597	10
63598	217
63599	68
63600	33
63601	1
63602	4
63603	79
63604	528
63605	6
63606	162
63607	0
63608	114
63609	337
63610	97
63611	243
63612	229
63613	126
63614	98
63615	45
63616	1
63617	87
63618	0
63619	696
63620	302
63621	623
63622	104
63623	528
63624	422
63625	772
63626	767
63627	244
63628	313
63629	365
63630	356
63631	129
63632	442
63633	340
63634	476
63635	460
63636	249
63637	393
63638	901
63639	698
63640	479
63641	0
63642	1
63643	154
63644	165
63645	94
63646	582
63647	370
63648	307
63649	212
63650	2
63651	510
63652	180
63653	485
63654	562
63655	1
63656	542
63657	543
63658	639
63659	414
63660	762
63661	536
63662	653
63663	371
63664	307
63665	269
63666	285
63667	277
63668	418
63669	556
63670	551
63671	0
63672	674
63673	872
63674	319
63675	195
63676	122
63677	505
63678	284
63679	465
63680	84
63681	458
63682	5
63683	187
63684	600
63685	101
63686	400
63687	371
63688	171
63689	15
63690	275
63691	386
63692	41
63693	0
63694	1
63695	1024
63696	709
63697	954
63698	1188
63699	1200
63700	377
63701	0
63702	13
63703	47
63704	127
63705	488
63706	560
63707	123
63708	27
63709	23
63710	454
63711	518
63712	45
63713	174
63714	567
63715	287
63716	0
63717	487
63718	391
63719	310
63720	686
63721	0
63722	18
63723	908
63724	284
63725	478
63726	35
63727	20
63728	468
63729	84
63730	107
63731	135
63732	569
63733	789
63734	8
63735	561
63736	577
63737	645
63738	193
63739	675
63740	394
63741	539
63742	42
63743	148
63744	196
63745	744
63746	144
63747	435
63748	466
63749	165
63750	199
63751	579
63752	279
63753	24
63754	532
63755	32
63756	11
63757	210
63758	91
63759	605
63760	795
63761	208
63762	38
63763	13
63764	22
63765	6
63766	18
63767	576
63768	615
63769	538
63770	398
63771	768
63772	50
63773	732
63774	564
63775	682
63776	751
63777	122
63778	8
63779	781
63780	3
63781	14
63782	779
63783	320
63784	455
63785	558
63786	35
63787	826
63788	241
63789	225
63790	741
63791	109
63792	173
63793	585
63794	255
63795	5
63796	11
63797	5
63798	11
63799	598
63800	467
63801	301
63802	60
63803	343
63804	181
63805	229
63806	445
63807	699
63808	803
63809	83
63810	172
63811	106
63812	191
63813	437
63814	244
63815	4
63816	344
63817	890
63818	819
63819	106
63820	1
63821	720
63822	257
63823	620
63824	186
63825	121
63826	223
63827	229
63828	4
63829	455
63830	235
63831	377
63832	484
63833	317
63834	1
63835	128
63836	0
63837	229
63838	314
63839	314
63840	714
63841	333
63842	52
63843	44
63844	42
63845	189
63846	5
63847	84
63848	400
63849	316
63850	557
63851	99
63852	669
63853	39
63854	830
63855	777
63856	45
63857	1
63858	17
63859	153
63860	599
63861	503
63862	339
63863	387
63864	289
63865	375
63866	0
63867	1
63868	34
63869	238
63870	2
63871	426
63872	443
63873	5
63874	228
63875	209
63876	97
63877	38
63878	55
63879	258
63880	304
63881	463
63882	193
63883	224
63884	292
63885	712
63886	15
63887	506
63888	220
63889	383
63890	70
63891	416
63892	22
63893	458
63894	536
63895	633
63896	907
63897	470
63898	666
63899	286
63900	4
63901	4
63902	310
63903	65
63904	485
63905	37
63906	278
63907	166
63908	533
63909	38
63910	224
63911	504
63912	230
63913	393
63914	376
63915	478
63916	442
63917	589
63918	15
63919	105
63920	100
63921	13
63922	446
63923	30
63924	218
63925	549
63926	8
63927	72
63928	410
63929	299
63930	38
63931	20
63932	784
63933	25
63934	227
63935	307
63936	358
63937	82
63938	239
63939	466
63940	70
63941	470
63942	528
63943	82
63944	66
63945	0
63946	271
63947	347
63948	299
63949	303
63950	0
63951	503
63952	590
63953	304
63954	484
63955	223
63956	17
63957	647
63958	25
63959	120
63960	494
63961	86
63962	86
63963	406
63964	18
63965	694
63966	9
63967	692
63968	168
63969	161
63970	279
63971	365
63972	0
63973	371
63974	648
63975	161
63976	32
63977	378
63978	496
63979	399
63980	512
63981	121
63982	207
63983	342
63984	129
63985	587
63986	560
63987	232
63988	601
63989	625
63990	115
63991	435
63992	182
63993	674
63994	622
63995	408
63996	196
63997	49
63998	659
63999	614
64000	51
64001	750
64002	448
64003	377
64004	4
64005	406
64006	365
64007	221
64008	18
64009	411
64010	578
64011	377
64012	614
64013	4
64014	277
64015	370
64016	412
64017	4
64018	662
64019	418
64020	713
64021	635
64022	123
64023	124
64024	519
64025	298
64026	350
64027	30
64028	547
64029	111
64030	154
64031	83
64032	6
64033	158
64034	742
64035	290
64036	7
64037	66
64038	666
64039	66
64040	107
64041	179
64042	91
64043	587
64044	535
64045	481
64046	388
64047	158
64048	185
64049	418
64050	624
64051	603
64052	235
64053	4
64054	56
64055	866
64056	18
64057	58
64058	10
64059	0
64060	325
64061	354
64062	392
64063	83
64064	20
64065	674
64066	538
64067	0
64068	98
64069	19
64070	345
64071	12
64072	262
64073	587
64074	54
64075	560
64076	2
64077	140
64078	466
64079	77
64080	586
64081	86
64082	236
64083	132
64084	364
64085	813
64086	589
64087	351
64088	368
64089	444
64090	51
64091	143
64092	57
64093	222
64094	156
64095	667
64096	824
64097	7
64098	457
64099	230
64100	154
64101	371
64102	683
64103	683
64104	482
64105	509
64106	556
64107	272
64108	4
64109	1
64110	19
64111	327
64112	338
64113	727
64114	91
64115	8
64116	493
64117	403
64118	457
64119	507
64120	645
64121	639
64122	493
64123	531
64124	0
64125	507
64126	42
64127	13
64128	33
64129	46
64130	240
64131	19
64132	129
64133	660
64134	568
64135	663
64136	0
64137	10
64138	0
64139	12
64140	56
64141	171
64142	10
64143	10
64144	369
64145	767
64146	679
64147	553
64148	0
64149	120
64150	404
64151	813
64152	275
64153	15
64154	211
64155	838
64156	270
64157	0
64158	1
64159	626
64160	346
64161	221
64162	430
64163	54
64164	346
64165	0
64166	243
64167	467
64168	45
64169	375
64170	965
64171	624
64172	611
64173	164
64174	10
64175	326
64176	564
64177	71
64178	579
64179	239
64180	595
64181	597
64182	623
64183	504
64184	44
64185	274
64186	340
64187	23
64188	0
64189	941
64190	129
64191	4
64192	11
64193	11
64194	49
64195	4
64196	320
64197	164
64198	10
64199	21
64200	155
64201	594
64202	224
64203	502
64204	513
64205	293
64206	301
64207	260
64208	550
64209	22
64210	856
64211	971
64212	24
64213	224
64214	126
64215	543
64216	433
64217	98
64218	298
64219	309
64220	530
64221	168
64222	867
64223	12
64224	10
64225	43
64226	44
64227	183
64228	515
64229	331
64230	203
64231	606
64232	73
64233	734
64234	881
64235	448
64236	1001
64237	51
64238	36
64239	351
64240	47
64241	230
64242	144
64243	58
64244	14
64245	474
64246	356
64247	356
64248	104
64249	298
64250	835
64251	470
64252	373
64253	55
64254	1
64255	435
64256	241
64257	1
64258	435
64259	5
64260	42
64261	18
64262	20
64263	0
64264	498
64265	534
64266	450
64267	174
64268	52
64269	370
64270	355
64271	52
64272	35
64273	611
64274	481
64275	394
64276	5
64277	142
64278	36
64279	49
64280	378
64281	35
64282	1
64283	324
64284	312
64285	32
64286	66
64287	0
64288	515
64289	454
64290	76
64291	112
64292	126
64293	408
64294	1
64295	275
64296	148
64297	0
64298	337
64299	0
64300	9
64301	467
64302	369
64303	455
64304	581
64305	406
64306	364
64307	327
64308	476
64309	323
64310	86
64311	26
64312	100
64313	313
64314	56
64315	290
64316	347
64317	122
64318	628
64319	280
64320	294
64321	52
64322	116
64323	64
64324	259
64325	1
64326	0
64327	417
64328	235
64329	179
64330	766
64331	212
64332	271
64333	15
64334	515
64335	0
64336	565
64337	707
64338	686
64339	479
64340	361
64341	706
64342	424
64343	166
64344	10
64345	134
64346	52
64347	478
64348	116
64349	262
64350	345
64351	201
64352	409
64353	345
64354	44
64355	781
64356	450
64357	241
64358	80
64359	470
64360	586
64361	110
64362	84
64363	68
64364	423
64365	107
64366	11
64367	208
64368	3
64369	249
64370	20
64371	456
64372	480
64373	804
64374	180
64375	1036
64376	759
64377	626
64378	12
64379	791
64380	82
64381	605
64382	382
64383	112
64384	97
64385	79
64386	45
64387	269
64388	159
64389	126
64390	238
64391	219
64392	231
64393	83
64394	61
64395	873
64396	631
64397	4
64398	121
64399	13
64400	0
64401	339
64402	528
64403	522
64404	22
64405	346
64406	341
64407	151
64408	418
64409	904
64410	0
64411	286
64412	721
64413	35
64414	598
64415	608
64416	243
64417	51
64418	39
64419	583
64420	10
64421	685
64422	226
64423	652
64424	693
64425	618
64426	624
64427	364
64428	284
64429	470
64430	440
64431	104
64432	532
64433	307
64434	181
64435	347
64436	212
64437	10
64438	1
64439	251
64440	45
64441	512
64442	521
64443	393
64444	4
64445	278
64446	170
64447	378
64448	386
64449	149
64450	169
64451	12
64452	494
64453	622
64454	635
64455	588
