43397	15
43398	105
43399	88
43400	0
43401	0
43402	153
43403	196
43404	76
43405	0
43406	168
43407	70
43408	10
43409	232
43410	213
43411	0
43412	7
43413	11
43414	91
43415	84
43416	71
43417	6
43418	7
43419	128
43420	23
43421	376
43422	596
43423	11
43424	0
43425	271
43426	115
43427	0
43428	136
43429	0
43430	6
43431	11
43432	10
43433	2
43434	0
43435	165
43436	31
43437	4
43438	0
43439	51
43440	207
43441	88
43442	1
43443	0
43444	12
43445	20
43446	5
43447	0
43448	0
43449	0
43450	110
43451	10
43452	80
43453	15
43454	0
43455	12
43456	0
43457	0
43458	0
43459	28
43460	0
43461	3
43462	0
43463	1
43464	316
43465	101
43466	408
43467	0
43468	30
43469	89
43470	35
43471	255
43472	11
43473	80
43474	0
43475	1
43476	138
43477	0
43478	1
43479	150
43480	196
43481	0
43482	21
43483	0
43484	1
43485	0
43486	0
43487	92
43488	109
43489	51
43490	56
43491	4
43492	144
43493	9
43494	103
43495	0
43496	89
43497	96
43498	90
43499	10
43500	217
43501	229
43502	61
43503	20
43504	30
43505	0
43506	1
43507	56
43508	1
43509	4
43510	56
43511	356
43512	1
43513	4
43514	0
43515	50
43516	15
43517	0
43518	235
43519	35
43520	10
43521	204
43522	0
43523	50
43524	0
43525	0
43526	59
43527	35
43528	344
43529	214
43530	154
43531	0
43532	198
43533	72
43534	253
43535	105
43536	0
43537	244
43538	15
43539	4
43540	139
43541	217
43542	70
43543	0
43544	134
43545	16
43546	317
43547	80
43548	64
43549	0
43550	29
43551	0
43552	37
43553	260
43554	77
43555	11
43556	101
43557	0
43558	50
43559	11
43560	112
43561	11
43562	84
43563	0
43564	4
43565	0
43566	4
43567	217
43568	180
43569	0
43570	7
43571	298
43572	166
43573	0
43574	0
43575	57
43576	4
43577	83
43578	3
43579	3
43580	10
43581	0
43582	0
43583	10
43584	10
43585	3
43586	181
43587	178
43588	0
43589	80
43590	0
43591	71
43592	437
43593	549
43594	325
43595	415
43596	580
43597	20
43598	237
43599	283
43600	482
43601	0
43602	0
43603	1
43604	22
43605	0
43606	1
43607	183
43608	2
43609	95
43610	0
43611	52
43612	43
43613	80
43614	103
43615	4
43616	34
43617	35
43618	4
43619	164
43620	0
43621	1
43622	190
43623	20
43624	16
43625	408
43626	74
43627	7
43628	0
43629	261
43630	44
43631	299
43632	302
43633	60
43634	220
43635	327
43636	35
43637	77
43638	0
43639	91
43640	61
43641	0
43642	2
43643	6
43644	6
43645	6
43646	172
43647	0
43648	21
43649	4
43650	10
43651	246
43652	74
43653	0
43654	598
43655	5
43656	27
43657	0
43658	1
43659	10
43660	58
43661	0
43662	29
43663	0
43664	69
43665	20
43666	32
43667	37
43668	4
43669	120
43670	161
43671	137
43672	207
43673	0
43674	261
43675	0
43676	0
43677	232
43678	91
43679	91
43680	91
43681	289
43682	107
43683	64
43684	308
43685	0
43686	0
43687	18
43688	11
43689	2
43690	0
43691	189
43692	10
43693	93
43694	0
43695	17
43696	3
43697	56
43698	0
43699	202
43700	0
43701	0
43702	203
43703	8
43704	0
43705	28
43706	0
43707	0
43708	242
43709	125
43710	16
43711	91
43712	2
43713	26
43714	26
43715	26
43716	0
43717	0
43718	440
43719	121
43720	0
43721	93
43722	103
43723	648
43724	1
43725	0
43726	0
43727	156
43728	240
43729	10
43730	78
43731	115
43732	64
43733	15
43734	0
43735	7
43736	36
43737	4
43738	124
43739	12
43740	109
43741	37
43742	0
43743	12
43744	26
43745	0
43746	107
43747	213
43748	195
43749	122
43750	121
43751	218
43752	0
43753	2
43754	215
43755	466
43756	28
43757	20
43758	5
43759	206
43760	96
43761	4
43762	3
43763	0
43764	210
43765	67
43766	2
43767	358
43768	0
43769	29
43770	32
43771	42
43772	0
43773	1
43774	123
43775	0
43776	212
43777	36
43778	0
43779	0
43780	7
43781	0
43782	41
43783	0
43784	3
43785	45
43786	2
43787	264
43788	39
43789	0
43790	10
43791	26
43792	0
43793	0
43794	132
43795	104
43796	81
43797	0
43798	1
43799	6
43800	116
43801	334
43802	125
43803	13
43804	20
43805	9
43806	237
43807	0
43808	0
43809	127
43810	0
43811	1
43812	18
43813	11
43814	0
43815	0
43816	6
43817	0
43818	92
43819	189
43820	31
43821	0
43822	193
43823	12
43824	4
43825	389
43826	0
43827	0
43828	159
43829	4
43830	219
43831	0
43832	17
43833	100
43834	46
43835	4
43836	0
43837	114
43838	238
43839	49
43840	0
43841	7
43842	186
43843	239
43844	9
43845	0
43846	165
43847	22
43848	0
43849	91
43850	156
43851	106
43852	40
43853	137
43854	6
43855	0
43856	0
43857	0
43858	1
43859	10
43860	53
43861	103
43862	82
43863	1
43864	0
43865	7
43866	82
43867	0
43868	220
43869	10
43870	51
43871	17
43872	0
43873	69
43874	2
43875	334
43876	13
43877	56
43878	345
43879	335
43880	199
43881	234
43882	3
43883	1
43884	167
43885	46
43886	26
43887	56
43888	15
43889	0
43890	285
43891	182
43892	70
43893	0
43894	26
43895	69
43896	405
43897	424
43898	47
43899	200
43900	4
43901	0
43902	113
43903	0
43904	154
43905	0
43906	201
43907	65
43908	186
43909	22
43910	0
43911	0
43912	316
43913	84
43914	0
43915	0
43916	0
43917	50
43918	6
43919	1
43920	7
43921	273
43922	173
43923	313
43924	20
43925	0
43926	128
43927	6
43928	1
43929	272
43930	7
43931	208
43932	107
43933	0
43934	12
43935	185
43936	10
43937	10
43938	120
43939	299
43940	244
43941	305
43942	225
43943	198
43944	187
43945	20
43946	413
43947	25
43948	259
43949	0
43950	22
43951	0
43952	0
43953	0
43954	10
43955	138
43956	1
43957	4
43958	65
43959	77
43960	20
43961	8
43962	10
43963	317
43964	260
43965	24
43966	0
43967	0
43968	41
43969	7
43970	233
43971	130
43972	0
43973	98
43974	0
43975	179
43976	62
43977	462
43978	0
43979	128
43980	76
43981	285
43982	4
43983	240
43984	20
43985	104
43986	100
43987	32
43988	129
43989	66
43990	137
43991	25
43992	89
43993	35
43994	2
43995	224
43996	147
43997	0
43998	35
43999	0
44000	1
44001	254
44002	0
44003	7
44004	232
44005	328
44006	0
44007	23
44008	161
44009	0
44010	461
44011	472
44012	19
44013	0
44014	295
44015	7
44016	0
44017	77
44018	53
44019	146
44020	39
44021	500
44022	443
44023	10
44024	136
44025	36
44026	56
44027	272
44028	35
44029	0
44030	100
44031	0
44032	0
44033	17
44034	1
44035	0
44036	0
44037	94
44038	0
44039	436
44040	380
44041	340
44042	132
44043	18
44044	99
44045	6
44046	2
44047	1
44048	0
44049	0
44050	191
44051	142
44052	0
44053	190
44054	1
44055	243
44056	0
44057	26
44058	51
44059	62
44060	9
44061	0
44062	20
44063	400
44064	32
44065	68
44066	0
44067	302
44068	0
44069	1
44070	40
44071	49
44072	1
44073	324
44074	0
44075	304
44076	95
44077	10
44078	405
44079	10
44080	3
44081	203
44082	13
44083	10
44084	18
44085	64
44086	14
44087	22
44088	84
44089	427
44090	124
44091	0
44092	11
44093	65
44094	21
44095	0
44096	0
44097	1
44098	35
44099	299
44100	451
44101	424
44102	121
44103	23
44104	32
44105	0
44106	24
44107	188
44108	144
44109	222
44110	136
44111	6
44112	0
44113	1
44114	234
44115	201
44116	10
44117	8
44118	319
44119	27
44120	4
44121	511
44122	37
44123	0
44124	0
44125	0
44126	0
44127	1
44128	309
44129	0
44130	54
44131	191
44132	70
44133	51
44134	184
44135	0
44136	494
44137	40
44138	41
44139	15
44140	144
44141	25
44142	593
44143	3
44144	2
44145	4
44146	0
44147	23
44148	191
44149	0
44150	20
44151	0
44152	156
44153	101
44154	140
44155	113
44156	4
44157	12
44158	0
44159	0
44160	324
44161	469
44162	0
44163	185
44164	41
44165	37
44166	34
44167	38
44168	45
44169	46
44170	5
44171	0
44172	17
44173	6
44174	0
44175	4
44176	5
44177	107
44178	0
44179	25
44180	0
44181	0
44182	7
44183	158
44184	2
44185	1
44186	97
44187	0
44188	163
44189	271
44190	131
44191	1
44192	117
44193	89
44194	40
44195	1
44196	0
44197	41
44198	98
44199	4
44200	0
44201	0
44202	7
44203	66
44204	54
44205	35
44206	256
44207	260
44208	27
44209	1
44210	10
44211	225
44212	337
44213	0
44214	7
44215	0
44216	276
44217	98
44218	180
44219	386
44220	0
44221	77
44222	0
44223	0
44224	7
44225	0
44226	83
44227	563
44228	609
44229	8
44230	338
44231	401
44232	33
44233	289
44234	323
44235	238
44236	353
44237	308
44238	0
44239	0
44240	88
44241	55
44242	0
44243	0
44244	524
44245	159
44246	0
44247	23
44248	23
44249	0
44250	82
44251	205
44252	10
44253	0
44254	262
44255	10
44256	14
44257	447
44258	46
44259	12
44260	257
44261	0
44262	0
44263	7
44264	128
44265	0
44266	0
44267	47
44268	20
44269	5
44270	92
44271	71
44272	0
44273	103
44274	1
44275	119
44276	7
44277	186
44278	373
44279	361
44280	0
44281	37
44282	91
44283	272
44284	0
44285	7
44286	101
44287	0
44288	4
44289	47
44290	5
44291	109
44292	98
44293	0
44294	223
44295	39
44296	352
44297	584
44298	26
44299	6
44300	1
44301	8
44302	117
44303	6
44304	6
44305	0
44306	372
44307	100
44308	291
44309	331
44310	392
44311	212
44312	165
44313	274
44314	484
44315	15
44316	66
44317	123
44318	0
44319	7
44320	98
44321	30
44322	0
44323	258
44324	183
44325	0
44326	4
44327	10
44328	6
44329	16
44330	29
44331	120
44332	38
44333	44
44334	0
44335	515
44336	11
44337	101
44338	6
44339	69
44340	1
44341	137
44342	204
44343	20
44344	118
44345	121
44346	91
44347	0
44348	6
44349	6
44350	0
44351	9
44352	193
44353	205
44354	8
44355	2
44356	180
44357	303
44358	0
44359	0
44360	1
44361	98
44362	0
44363	0
44364	7
44365	0
44366	76
44367	189
44368	579
44369	0
44370	75
44371	18
44372	0
44373	23
44374	14
44375	0
44376	0
44377	5
44378	1
44379	22
44380	0
44381	351
44382	10
44383	20
44384	51
44385	146
44386	18
44387	2
44388	216
44389	0
44390	512
44391	219
44392	436
44393	456
44394	7
44395	20
44396	4
44397	167
44398	7
44399	2
44400	121
44401	5
44402	0
44403	315
44404	470
44405	134
44406	35
44407	72
44408	143
44409	20
44410	0
44411	210
44412	0
44413	1
44414	8
44415	84
44416	27
44417	91
44418	30
44419	10
44420	20
44421	0
44422	4
44423	0
44424	10
44425	9
44426	26
44427	45
44428	405
44429	424
44430	565
44431	469
44432	4
44433	47
44434	53
44435	38
