81173	56
81174	33
81175	1
81176	157
81177	35
81178	55
81179	58
81180	0
81181	9
81182	76
81183	22
81184	0
81185	0
81186	4
81187	169
81188	395
81189	43
81190	35
81191	338
81192	0
81193	0
81194	279
81195	433
81196	6
81197	0
81198	10
81199	0
81200	61
81201	6
81202	20
81203	289
81204	201
81205	34
81206	280
81207	41
81208	11
81209	4
81210	125
81211	137
81212	87
81213	3
81214	0
81215	185
81216	10
81217	20
81218	0
81219	0
81220	2
81221	160
81222	35
81223	30
81224	10
81225	227
81226	8
81227	136
81228	238
81229	279
81230	5
81231	46
81232	307
81233	1
81234	10
81235	4
81236	10
81237	4
81238	59
81239	112
81240	317
81241	56
81242	6
81243	79
81244	0
81245	56
81246	38
81247	41
81248	77
81249	0
81250	0
81251	139
81252	523
81253	10
81254	2
81255	12
81256	0
81257	36
81258	57
81259	114
81260	4
81261	10
81262	0
81263	108
81264	65
81265	138
81266	168
81267	5
81268	0
81269	0
81270	82
81271	365
81272	140
81273	1
81274	75
81275	4
81276	20
81277	10
81278	1
81279	0
81280	156
81281	0
81282	20
81283	174
81284	1
81285	27
81286	65
81287	90
81288	86
81289	30
81290	0
81291	0
81292	64
81293	6
81294	4
81295	0
81296	1
81297	0
81298	56
81299	156
81300	31
81301	178
81302	10
81303	4
81304	14
81305	23
81306	54
81307	130
81308	10
81309	10
81310	0
81311	37
81312	35
81313	4
81314	22
81315	0
81316	39
81317	140
81318	3
81319	121
81320	2
81321	4
81322	30
81323	20
81324	38
81325	0
81326	279
81327	70
81328	0
81329	20
81330	35
81331	20
81332	109
81333	0
81334	144
81335	162
81336	21
81337	174
81338	11
81339	201
81340	35
81341	0
81342	0
81343	220
81344	351
81345	134
81346	264
81347	4
81348	117
81349	35
81350	0
81351	20
81352	0
81353	4
81354	35
81355	20
81356	111
81357	56
81358	164
81359	218
81360	253
81361	465
81362	202
81363	324
81364	1
81365	0
81366	479
81367	45
81368	0
81369	37
81370	122
81371	348
81372	250
81373	0
81374	18
81375	0
81376	0
81377	214
81378	24
81379	1
81380	1
81381	69
81382	268
81383	0
81384	35
81385	93
81386	20
81387	146
81388	106
81389	0
81390	0
81391	11
81392	122
81393	0
81394	34
81395	156
81396	4
81397	0
81398	0
81399	41
81400	55
81401	0
81402	95
81403	4
81404	1
81405	0
81406	10
81407	18
81408	4
81409	0
81410	4
81411	21
81412	0
81413	19
81414	40
81415	66
81416	31
81417	20
81418	20
81419	72
81420	273
81421	153
81422	5
81423	8
81424	2
81425	24
81426	92
81427	10
81428	1
81429	58
81430	26
81431	119
81432	369
81433	17
81434	0
81435	2
81436	0
81437	0
81438	14
81439	284
81440	16
81441	190
81442	293
81443	1
81444	1
81445	1
81446	80
81447	56
81448	12
81449	14
81450	253
81451	157
81452	0
81453	92
81454	4
81455	5
81456	124
81457	204
81458	0
81459	287
81460	96
81461	84
81462	30
81463	0
81464	0
81465	93
81466	0
81467	63
81468	129
81469	66
81470	0
81471	103
81472	1
81473	4
81474	57
81475	78
81476	157
81477	10
81478	10
81479	35
81480	4
81481	0
81482	10
81483	18
81484	0
81485	82
81486	20
81487	1
81488	122
81489	36
81490	20
81491	1
81492	43
81493	22
81494	5
81495	60
81496	77
81497	79
81498	4
81499	0
81500	56
81501	72
81502	57
81503	322
81504	0
81505	57
81506	131
81507	30
81508	10
81509	79
81510	194
81511	123
81512	163
81513	37
81514	25
81515	36
81516	10
81517	0
81518	1
81519	123
81520	4
81521	0
81522	10
81523	20
81524	216
81525	4
81526	3
81527	79
81528	36
81529	58
81530	241
81531	56
81532	0
81533	4
81534	175
81535	0
81536	1
81537	383
81538	42
81539	46
81540	65
81541	113
81542	43
81543	86
81544	0
81545	0
81546	1
81547	23
81548	24
81549	63
81550	441
81551	0
81552	4
81553	0
81554	20
81555	1
81556	23
81557	75
81558	0
81559	233
81560	35
81561	73
81562	20
81563	153
81564	60
81565	0
81566	7
81567	20
81568	0
81569	0
81570	140
81571	1
81572	0
81573	0
81574	106
81575	189
81576	131
81577	35
81578	1
81579	86
81580	104
81581	0
81582	3
81583	235
81584	20
81585	60
81586	73
81587	56
81588	3
81589	0
81590	18
81591	7
81592	2
81593	0
81594	170
81595	71
81596	118
81597	0
81598	0
81599	25
81600	13
81601	0
81602	10
81603	2
81604	0
81605	31
81606	161
81607	109
81608	0
81609	24
81610	0
81611	97
81612	0
81613	41
81614	87
81615	0
81616	48
81617	161
81618	2
81619	1
81620	35
81621	23
81622	1
81623	24
81624	0
81625	17
81626	25
81627	345
81628	221
81629	161
81630	142
81631	4
81632	20
81633	44
81634	0
81635	30
81636	21
81637	35
81638	0
81639	42
81640	131
81641	24
81642	196
81643	1
81644	365
81645	225
81646	80
81647	58
81648	0
81649	251
81650	0
81651	0
81652	0
81653	2
81654	20
81655	17
81656	0
81657	190
81658	23
81659	0
81660	2
81661	77
81662	17
81663	159
81664	245
81665	10
81666	149
81667	84
81668	11
81669	4
81670	22
81671	0
81672	78
81673	32
81674	211
81675	174
81676	0
81677	0
81678	0
81679	185
81680	183
81681	220
81682	32
81683	321
81684	17
81685	84
81686	17
81687	0
81688	38
81689	35
81690	19
81691	117
81692	36
81693	223
81694	85
81695	91
81696	52
81697	79
81698	0
81699	0
81700	10
81701	167
81702	10
81703	11
81704	5
81705	0
81706	77
81707	20
81708	232
81709	186
81710	516
81711	328
81712	4
81713	266
81714	0
81715	282
81716	207
81717	1
81718	0
81719	323
81720	0
81721	27
81722	6
81723	1
81724	334
81725	10
81726	10
81727	237
81728	10
81729	1
81730	244
81731	18
81732	271
81733	13
81734	69
81735	16
81736	211
81737	87
81738	31
81739	33
81740	1
81741	71
81742	1
81743	4
81744	101
81745	253
81746	194
81747	36
81748	393
81749	128
81750	17
81751	55
81752	2
81753	38
81754	189
81755	231
81756	361
81757	254
81758	399
81759	40
81760	56
81761	0
81762	33
81763	2
81764	4
81765	84
81766	10
81767	0
81768	0
81769	343
81770	4
81771	20
81772	4
81773	394
81774	0
81775	3
81776	35
81777	1
81778	0
81779	26
81780	1
81781	152
81782	94
81783	4
81784	0
81785	0
81786	168
81787	0
81788	20
81789	69
81790	11
81791	3
81792	502
81793	0
81794	3
81795	20
81796	56
81797	0
81798	56
81799	0
81800	0
81801	27
81802	174
81803	4
81804	88
81805	0
81806	85
81807	251
81808	0
81809	6
81810	0
81811	74
81812	80
81813	49
81814	79
81815	0
81816	4
81817	10
81818	184
81819	88
81820	0
81821	51
81822	268
81823	172
81824	30
81825	88
81826	2
81827	58
81828	0
81829	240
81830	81
81831	11
81832	35
81833	84
81834	56
81835	457
81836	203
81837	208
81838	0
81839	39
81840	24
81841	24
81842	166
81843	14
81844	20
81845	37
81846	22
81847	0
81848	10
81849	248
81850	177
81851	321
81852	0
81853	85
81854	30
81855	0
81856	91
81857	55
81858	20
81859	0
81860	0
81861	166
81862	38
81863	35
81864	253
81865	201
81866	0
81867	0
81868	0
81869	11
81870	55
81871	200
81872	162
81873	20
81874	23
81875	58
81876	3
81877	194
81878	13
81879	22
81880	92
81881	54
81882	10
81883	51
81884	0
81885	77
81886	10
81887	195
81888	3
81889	0
81890	23
81891	0
81892	10
81893	35
81894	56
81895	21
81896	58
81897	23
