2788	437
2789	41
2790	127
2791	244
2792	4
2793	417
2794	318
2795	288
2796	297
2797	1
2798	268
2799	110
2800	49
2801	378
2802	2
2803	187
2804	93
2805	252
2806	25
2807	56
2808	84
2809	7
2810	3
2811	299
2812	24
2813	384
2814	68
2815	223
2816	0
2817	252
2818	1
2819	139
2820	1
2821	172
2822	0
2823	213
2824	398
2825	0
2826	671
2827	188
2828	0
2829	24
2830	12
2831	0
2832	145
2833	0
2834	126
2835	1
2836	99
2837	4
2838	36
2839	327
2840	244
2841	500
2842	133
2843	319
2844	0
2845	492
2846	538
2847	441
2848	403
2849	0
2850	251
2851	7
2852	227
2853	0
2854	1
2855	115
2856	253
2857	75
2858	0
2859	48
2860	159
2861	2
2862	0
2863	418
2864	183
2865	241
2866	74
2867	29
2868	22
2869	31
2870	433
2871	223
2872	4
2873	4
2874	155
2875	140
2876	232
2877	165
2878	12
2879	20
2880	115
2881	0
2882	5
2883	289
2884	325
2885	7
2886	223
2887	31
2888	10
2889	0
2890	488
2891	282
2892	393
2893	51
2894	533
2895	520
2896	1
2897	21
2898	49
2899	435
2900	71
2901	187
2902	123
2903	131
2904	44
2905	291
2906	101
2907	240
2908	16
2909	288
2910	404
2911	94
2912	93
2913	141
2914	33
2915	40
2916	1
2917	361
2918	3
2919	0
2920	343
2921	156
2922	98
2923	243
2924	35
2925	226
2926	407
2927	353
2928	299
2929	511
2930	36
2931	20
2932	52
2933	1
2934	150
2935	310
2936	46
2937	147
2938	264
2939	116
2940	124
2941	9
2942	498
2943	371
2944	173
2945	84
2946	0
2947	2
2948	37
2949	308
2950	0
2951	595
2952	5
2953	4
2954	0
2955	26
2956	561
2957	794
2958	478
2959	11
2960	476
2961	353
2962	465
2963	620
2964	234
2965	99
2966	96
2967	358
2968	414
2969	601
2970	4
2971	20
2972	0
2973	23
2974	10
2975	366
2976	244
2977	35
2978	0
2979	51
2980	0
2981	87
2982	12
2983	0
2984	0
2985	50
2986	3
2987	184
2988	193
2989	4
2990	0
2991	5
2992	279
2993	313
2994	278
2995	190
2996	56
2997	0
2998	0
2999	77
3000	328
3001	0
3002	4
3003	57
3004	389
3005	679
3006	8
3007	444
3008	228
3009	48
3010	77
3011	35
3012	0
3013	260
3014	14
3015	141
3016	1
3017	287
3018	408
3019	256
3020	526
3021	0
3022	0
3023	0
3024	0
3025	25
3026	281
3027	220
3028	269
3029	7
3030	0
3031	116
3032	13
3033	7
3034	71
3035	158
3036	369
3037	136
3038	56
3039	72
3040	208
3041	32
3042	41
3043	164
3044	156
3045	24
3046	18
3047	0
3048	5
3049	0
3050	2
3051	48
3052	9
3053	356
3054	470
3055	113
3056	0
3057	161
3058	132
3059	2
3060	20
3061	293
3062	170
3063	156
3064	244
3065	279
3066	0
3067	11
3068	314
3069	383
3070	92
3071	10
3072	138
3073	271
3074	93
3075	12
3076	0
3077	112
3078	55
3079	1
3080	77
3081	0
3082	4
3083	7
3084	0
3085	364
3086	265
3087	0
3088	84
3089	109
3090	10
3091	348
3092	429
3093	18
3094	408
3095	425
3096	433
3097	297
3098	25
3099	134
3100	351
3101	2
3102	225
3103	334
3104	1
3105	377
3106	16
3107	20
3108	104
3109	101
3110	406
3111	481
3112	0
3113	393
3114	7
3115	19
3116	126
3117	122
3118	162
3119	114
3120	1
3121	0
3122	14
3123	239
3124	319
3125	129
3126	35
3127	109
3128	102
3129	296
3130	0
3131	0
3132	0
3133	295
3134	73
3135	58
3136	400
3137	31
3138	413
3139	0
3140	277
3141	38
3142	1
3143	5
3144	240
3145	28
3146	84
3147	10
3148	4
3149	287
3150	1
3151	320
3152	223
3153	166
3154	307
3155	20
3156	57
3157	366
3158	15
3159	163
3160	86
3161	283
3162	1
3163	41
3164	10
3165	26
3166	99
3167	10
3168	1
3169	10
3170	153
3171	224
3172	73
3173	218
3174	119
3175	505
3176	141
3177	258
3178	197
3179	224
3180	0
3181	244
3182	57
3183	220
3184	4
3185	133
3186	426
3187	21
3188	449
3189	337
3190	145
3191	0
3192	0
3193	108
3194	432
3195	108
3196	396
3197	529
3198	414
3199	232
3200	451
3201	475
3202	131
3203	2
3204	133
3205	36
3206	0
3207	294
3208	204
3209	14
3210	44
3211	286
3212	30
3213	30
3214	314
3215	56
3216	556
3217	416
3218	339
3219	644
3220	12
3221	35
3222	1
3223	182
3224	4
3225	256
3226	404
3227	413
3228	387
3229	0
3230	1
3231	2
3232	305
3233	302
3234	171
3235	35
3236	227
3237	440
3238	35
3239	56
3240	168
3241	130
3242	711
3243	417
3244	260
3245	8
3246	148
3247	4
3248	344
3249	147
3250	291
3251	20
3252	0
3253	605
3254	5
3255	5
3256	452
3257	61
3258	206
3259	0
3260	4
3261	71
3262	267
3263	209
3264	52
3265	34
3266	30
3267	0
3268	34
3269	0
3270	583
3271	6
3272	0
3273	142
3274	137
3275	56
3276	120
3277	112
3278	225
3279	376
3280	242
3281	0
3282	242
3283	232
3284	48
3285	1
3286	121
3287	58
3288	2
3289	76
3290	1
3291	30
3292	17
3293	209
3294	278
3295	158
3296	1
3297	56
3298	113
3299	4
3300	208
3301	376
3302	155
3303	246
3304	323
3305	155
3306	0
3307	6
3308	240
3309	592
3310	582
3311	0
3312	501
3313	538
3314	0
3315	77
3316	206
3317	0
3318	566
3319	7
3320	10
3321	20
3322	41
3323	226
3324	190
3325	1
3326	121
3327	14
3328	7
3329	5
3330	52
3331	154
3332	35
3333	2
3334	77
3335	100
3336	112
3337	16
3338	7
3339	152
3340	0
3341	221
3342	479
3343	93
3344	38
3345	146
3346	0
3347	102
3348	381
3349	147
3350	170
3351	135
3352	321
3353	63
3354	571
3355	36
3356	0
3357	185
3358	10
3359	153
3360	37
3361	211
3362	224
3363	83
3364	237
3365	0
3366	308
3367	252
3368	4
3369	56
3370	238
3371	7
3372	162
3373	0
3374	121
3375	56
3376	15
3377	421
3378	4
3379	249
3380	390
3381	0
3382	136
3383	37
3384	7
3385	0
3386	319
3387	31
3388	52
3389	122
3390	249
3391	1
3392	218
3393	36
3394	200
3395	3
3396	2
3397	213
3398	112
3399	203
3400	206
3401	210
3402	88
3403	46
3404	26
3405	196
3406	339
3407	275
3408	0
3409	2
3410	144
3411	84
3412	30
3413	64
3414	270
3415	2
3416	23
3417	426
3418	20
3419	40
3420	108
3421	132
3422	23
3423	48
3424	130
3425	0
3426	67
3427	144
3428	147
3429	119
3430	41
3431	68
3432	245
3433	468
3434	156
3435	56
3436	1
3437	3
3438	129
3439	131
3440	113
3441	351
3442	0
3443	1
3444	276
3445	329
3446	350
3447	279
3448	352
3449	142
3450	10
3451	93
3452	255
3453	243
3454	35
3455	0
3456	10
3457	102
3458	59
3459	58
3460	20
3461	92
3462	8
3463	290
3464	228
3465	215
3466	138
3467	111
3468	292
3469	129
3470	0
3471	16
3472	301
3473	499
3474	213
3475	42
3476	473
3477	45
3478	2
3479	293
3480	15
3481	12
3482	213
3483	242
3484	324
3485	132
3486	337
3487	59
3488	242
3489	170
3490	209
3491	99
3492	26
3493	7
3494	152
3495	198
3496	78
3497	42
3498	308
3499	317
3500	217
3501	0
3502	81
3503	20
3504	0
3505	257
3506	95
3507	364
3508	6
3509	17
3510	0
3511	0
3512	3
3513	302
3514	257
3515	166
3516	134
3517	188
3518	307
3519	363
3520	11
3521	0
3522	35
3523	437
3524	67
3525	175
3526	7
3527	349
3528	206
3529	168
3530	221
3531	51
3532	374
