73580	109
73581	149
73582	2
73583	7
73584	28
73585	180
73586	24
73587	120
73588	0
73589	218
73590	253
73591	79
73592	0
73593	628
73594	34
73595	0
73596	178
73597	1
73598	436
73599	92
73600	0
73601	120
73602	0
73603	34
73604	303
73605	478
73606	0
73607	93
73608	442
73609	446
73610	356
73611	153
73612	227
73613	0
73614	241
73615	168
73616	261
73617	346
73618	16
73619	1
73620	0
73621	86
73622	391
73623	16
73624	0
73625	99
73626	0
73627	0
73628	219
73629	236
73630	338
73631	372
73632	13
73633	71
73634	35
73635	52
73636	321
73637	588
73638	226
73639	260
73640	10
73641	211
73642	0
73643	2
73644	14
73645	0
73646	86
73647	334
73648	35
73649	21
73650	78
73651	94
73652	715
73653	155
73654	4
73655	29
73656	107
73657	0
73658	46
73659	1
73660	0
73661	1
73662	279
73663	1
73664	36
73665	153
73666	195
73667	0
73668	483
73669	226
73670	0
73671	240
73672	0
73673	169
73674	10
73675	0
73676	272
73677	3
73678	165
73679	0
73680	0
73681	245
73682	409
73683	86
73684	231
73685	84
73686	0
73687	1
73688	86
73689	616
73690	2
73691	367
73692	4
73693	0
73694	147
73695	0
73696	0
73697	0
73698	258
73699	447
73700	83
73701	3
73702	1
73703	35
73704	308
73705	352
73706	403
73707	322
73708	422
73709	7
73710	91
73711	70
73712	0
73713	1
73714	0
73715	0
73716	57
73717	167
73718	83
73719	120
73720	0
73721	161
73722	51
73723	28
73724	0
73725	227
73726	313
73727	0
73728	75
73729	20
73730	20
73731	7
73732	0
73733	85
73734	0
73735	0
73736	36
73737	215
73738	4
73739	321
73740	348
73741	320
73742	299
73743	40
73744	109
73745	434
73746	2
73747	2
73748	0
73749	1
73750	14
73751	120
73752	281
73753	80
73754	10
73755	65
73756	68
73757	14
73758	1
73759	87
73760	2
73761	313
73762	15
73763	132
73764	117
73765	0
73766	124
73767	0
73768	1
73769	340
73770	0
73771	10
73772	389
73773	76
73774	327
73775	0
73776	0
73777	47
73778	0
73779	0
73780	288
73781	26
73782	213
73783	11
73784	0
73785	0
73786	12
73787	68
73788	48
73789	40
73790	196
73791	11
73792	112
73793	0
73794	382
73795	365
73796	1
73797	50
73798	8
73799	462
73800	590
73801	260
73802	294
73803	472
73804	542
73805	20
73806	21
73807	218
73808	5
73809	418
73810	44
73811	2
73812	0
73813	168
73814	2
73815	0
73816	182
73817	2
73818	8
73819	182
73820	36
73821	1
73822	20
73823	7
73824	170
73825	38
73826	53
73827	683
73828	182
73829	439
73830	132
73831	76
73832	35
73833	2
73834	30
73835	57
73836	371
73837	36
73838	0
73839	127
73840	50
73841	1
73842	0
73843	283
73844	58
73845	373
73846	19
73847	71
73848	267
73849	37
73850	0
73851	17
73852	88
73853	1
73854	11
73855	0
73856	0
73857	1
73858	147
73859	17
73860	8
73861	264
73862	129
73863	38
73864	329
73865	564
73866	506
73867	40
73868	0
73869	152
73870	152
73871	350
73872	221
73873	6
73874	1
73875	198
73876	188
73877	77
73878	0
73879	56
73880	158
73881	280
73882	201
73883	8
73884	56
73885	544
73886	6
73887	20
73888	1
73889	0
73890	0
73891	99
73892	212
73893	48
73894	0
73895	399
73896	398
73897	2
73898	0
73899	179
73900	1
73901	341
73902	0
73903	114
73904	45
73905	0
73906	694
73907	562
73908	0
73909	0
73910	274
73911	59
73912	54
73913	260
73914	0
73915	4
73916	183
73917	73
73918	193
73919	31
73920	304
73921	0
73922	1
73923	50
73924	285
73925	251
73926	65
73927	0
73928	56
73929	0
73930	13
73931	33
73932	512
73933	250
73934	603
73935	215
73936	105
73937	238
73938	221
73939	271
73940	165
73941	95
73942	282
73943	77
73944	432
73945	4
73946	21
73947	340
73948	172
73949	323
73950	458
73951	13
73952	101
73953	47
73954	315
73955	294
73956	5
73957	1
73958	41
73959	247
73960	194
73961	386
73962	1
73963	17
73964	16
73965	319
73966	366
73967	375
73968	35
73969	0
73970	86
73971	231
73972	38
73973	48
73974	112
73975	134
73976	4
73977	0
73978	0
73979	136
73980	227
73981	13
73982	4
73983	330
73984	32
73985	1
73986	162
73987	193
73988	66
73989	5
73990	471
73991	376
73992	0
73993	508
73994	348
73995	59
73996	282
73997	351
73998	0
73999	1
74000	0
74001	7
74002	134
74003	31
74004	0
74005	19
74006	26
74007	57
74008	234
74009	1
74010	322
74011	336
74012	67
74013	0
74014	10
74015	174
74016	7
74017	0
74018	425
74019	19
74020	3
74021	288
74022	540
74023	0
74024	21
74025	0
74026	2
74027	115
74028	10
74029	59
74030	0
74031	186
74032	4
74033	186
74034	200
74035	20
74036	5
74037	20
74038	10
74039	76
74040	14
74041	0
74042	327
74043	4
74044	0
74045	9
74046	233
74047	146
74048	127
74049	0
74050	59
74051	191
74052	36
74053	1
74054	164
74055	66
74056	153
74057	31
74058	12
74059	174
74060	4
74061	201
74062	0
74063	2
74064	30
74065	38
74066	395
74067	1
74068	4
74069	0
74070	311
74071	177
74072	364
74073	3
74074	120
74075	35
74076	165
74077	0
74078	484
74079	465
74080	356
74081	0
74082	4
74083	3
74084	410
74085	146
74086	257
74087	44
74088	360
74089	1
74090	431
74091	191
74092	189
74093	20
74094	10
74095	13
74096	469
74097	570
74098	0
74099	391
74100	115
74101	339
74102	7
74103	7
74104	4
74105	0
74106	0
74107	0
74108	75
74109	0
74110	41
74111	472
74112	4
74113	52
74114	7
74115	32
74116	179
74117	0
74118	0
74119	11
74120	31
74121	0
74122	4
74123	0
74124	14
74125	181
74126	0
74127	0
74128	30
74129	10
74130	24
74131	55
74132	67
74133	4
74134	11
74135	10
74136	43
74137	390
74138	49
74139	0
74140	5
74141	103
74142	41
74143	1
74144	111
74145	156
74146	436
74147	1
