75088	351
75089	298
75090	10
75091	342
75092	156
75093	145
75094	206
75095	449
75096	251
75097	421
75098	261
75099	69
75100	65
75101	1
75102	1
75103	286
75104	291
75105	45
75106	35
75107	304
75108	21
75109	90
75110	67
75111	35
75112	103
75113	87
75114	12
75115	0
75116	0
75117	0
75118	0
75119	0
75120	89
75121	133
75122	35
75123	291
75124	223
75125	7
75126	255
75127	384
75128	448
75129	403
75130	532
75131	262
75132	249
75133	35
75134	258
75135	239
75136	241
75137	0
75138	10
75139	11
75140	56
75141	659
75142	0
75143	0
75144	1
75145	1
75146	180
75147	193
75148	121
75149	151
75150	79
75151	0
75152	0
75153	153
75154	524
75155	11
75156	1
75157	0
75158	0
75159	112
75160	80
75161	1
75162	0
75163	10
75164	30
75165	1
75166	0
75167	0
75168	0
75169	4
75170	0
75171	0
75172	79
75173	163
75174	277
75175	29
75176	410
75177	6
75178	124
75179	168
75180	34
75181	260
75182	151
75183	197
75184	166
75185	460
75186	0
75187	0
75188	2
75189	385
75190	319
75191	10
75192	56
75193	0
75194	247
75195	244
75196	202
75197	0
75198	0
75199	19
75200	131
75201	386
75202	35
75203	101
75204	3
75205	56
75206	15
75207	564
75208	1
75209	84
75210	0
75211	208
75212	266
75213	137
75214	75
75215	22
75216	4
75217	198
75218	433
75219	198
75220	24
75221	368
75222	5
75223	85
75224	0
75225	213
75226	196
75227	55
75228	56
75229	0
75230	84
75231	30
75232	156
75233	295
75234	60
75235	0
75236	16
75237	402
75238	89
75239	0
75240	0
75241	20
75242	0
75243	5
75244	138
75245	157
75246	25
75247	57
75248	176
75249	169
75250	0
75251	59
75252	0
75253	0
75254	0
75255	217
75256	79
75257	35
75258	536
75259	121
75260	111
75261	80
75262	24
75263	289
75264	0
75265	1
75266	147
75267	19
75268	52
75269	22
75270	31
75271	0
75272	51
75273	0
75274	437
75275	6
75276	79
75277	3
75278	456
75279	689
75280	622
75281	336
75282	535
75283	615
75284	195
75285	124
75286	0
75287	6
75288	4
75289	39
75290	256
75291	528
75292	833
75293	569
75294	126
75295	16
75296	6
75297	0
75298	0
75299	2
75300	0
75301	0
75302	84
75303	1
75304	20
75305	0
75306	0
75307	335
75308	2
75309	28
75310	4
75311	10
75312	11
75313	19
75314	557
75315	221
75316	465
75317	252
75318	0
75319	4
75320	1
75321	12
75322	15
75323	1
75324	84
75325	105
75326	23
75327	0
75328	81
75329	0
75330	13
75331	244
75332	1
75333	0
75334	0
75335	1
75336	84
75337	1
75338	156
75339	1
75340	10
75341	119
75342	56
75343	4
75344	57
75345	32
75346	68
75347	0
75348	0
75349	57
75350	147
75351	0
75352	20
75353	377
75354	4
75355	492
75356	11
75357	3
75358	84
75359	203
75360	0
75361	281
75362	2
75363	3
75364	2
75365	0
75366	21
75367	0
75368	0
75369	1
75370	1
75371	0
75372	66
75373	10
75374	15
75375	20
75376	443
75377	421
75378	432
75379	12
75380	261
75381	1
75382	1
75383	1
75384	16
75385	128
75386	40
75387	63
75388	142
75389	0
75390	36
75391	0
75392	148
75393	72
75394	64
75395	80
75396	2
75397	15
75398	4
75399	227
75400	12
75401	4
75402	0
75403	1
75404	208
75405	535
75406	32
75407	10
75408	0
75409	270
75410	56
75411	358
75412	104
75413	196
75414	36
75415	17
75416	16
75417	67
75418	0
75419	0
75420	10
75421	0
75422	76
75423	24
75424	262
75425	0
75426	1
75427	2
75428	203
75429	21
75430	49
75431	0
75432	0
75433	0
75434	0
75435	0
75436	0
75437	4
75438	150
75439	89
75440	0
75441	0
75442	306
75443	357
75444	308
75445	56
75446	123
75447	0
75448	291
75449	0
75450	468
75451	317
75452	4
75453	1
75454	49
75455	35
75456	1
75457	252
75458	195
75459	0
75460	4
75461	221
75462	0
75463	18
75464	2
75465	0
75466	253
75467	599
75468	301
75469	107
75470	290
75471	307
75472	471
75473	332
75474	273
75475	10
75476	0
75477	63
75478	2
75479	0
75480	7
75481	277
75482	298
75483	0
75484	1
75485	326
75486	11
75487	0
75488	99
75489	86
75490	0
75491	250
75492	0
75493	2
75494	365
75495	0
75496	248
75497	128
75498	48
75499	0
75500	0
75501	325
75502	0
75503	2
75504	162
75505	57
75506	37
75507	13
75508	4
75509	77
75510	12
75511	193
75512	388
75513	353
75514	454
75515	525
75516	215
75517	0
75518	250
75519	0
75520	0
75521	0
75522	0
75523	10
75524	0
75525	0
75526	0
75527	0
75528	7
75529	0
75530	170
75531	34
75532	209
75533	0
75534	0
75535	246
75536	10
75537	6
75538	242
75539	77
75540	13
75541	3
75542	0
75543	72
75544	2
75545	81
75546	340
75547	20
75548	276
75549	45
75550	0
75551	283
75552	261
75553	305
75554	96
75555	0
75556	5
75557	41
75558	10
75559	56
75560	287
75561	40
75562	290
75563	389
75564	1
75565	192
75566	346
75567	247
75568	223
75569	59
75570	216
75571	285
75572	65
75573	2
75574	443
75575	25
75576	0
75577	0
75578	53
75579	216
75580	20
75581	199
75582	10
75583	0
75584	57
75585	0
75586	135
75587	158
75588	79
75589	58
75590	0
75591	38
75592	119
75593	54
75594	157
75595	125
75596	30
75597	73
75598	241
75599	27
75600	272
75601	64
75602	340
75603	46
75604	0
75605	4
75606	725
75607	153
75608	1
75609	0
75610	30
75611	4
75612	0
75613	0
75614	0
75615	0
75616	56
75617	242
75618	1
75619	35
75620	173
75621	37
75622	10
75623	171
75624	0
75625	0
75626	1
75627	0
75628	22
75629	20
75630	1
75631	10
75632	0
75633	1
75634	118
75635	29
75636	295
75637	4
75638	9
75639	112
75640	227
75641	85
75642	0
75643	0
75644	234
75645	0
75646	205
75647	8
75648	0
75649	101
75650	34
75651	35
75652	83
75653	0
75654	4
75655	1
75656	31
75657	383
75658	0
75659	66
75660	67
75661	65
75662	56
75663	16
75664	389
75665	17
75666	88
75667	67
75668	0
75669	1
75670	11
75671	20
75672	159
75673	247
75674	334
75675	0
75676	19
75677	3
75678	246
75679	9
75680	0
75681	1
75682	4
75683	4
75684	1
75685	407
75686	0
75687	2
75688	0
75689	25
75690	0
75691	36
75692	167
75693	99
75694	0
75695	0
75696	1
75697	63
75698	64
75699	4
75700	0
75701	0
75702	0
75703	0
75704	5
75705	20
75706	303
75707	450
75708	30
75709	40
75710	1
75711	95
75712	435
75713	0
75714	356
75715	443
75716	0
75717	120
75718	94
75719	34
75720	4
75721	209
75722	20
75723	44
75724	59
75725	0
75726	280
75727	258
75728	203
75729	10
75730	147
75731	408
75732	84
75733	0
75734	215
75735	1
75736	59
75737	134
75738	1
75739	195
75740	20
75741	84
75742	356
75743	35
75744	132
75745	246
75746	313
75747	55
75748	379
75749	26
75750	149
75751	140
75752	161
75753	17
75754	36
75755	109
75756	74
75757	128
75758	0
75759	0
75760	20
75761	56
75762	6
75763	0
75764	0
75765	28
75766	59
75767	52
75768	99
75769	257
75770	23
75771	114
75772	230
75773	235
75774	0
75775	0
75776	434
75777	321
75778	0
75779	0
75780	39
75781	0
75782	12
75783	72
75784	240
75785	0
75786	414
75787	1
75788	306
75789	403
75790	114
75791	6
75792	183
75793	97
75794	177
75795	218
75796	150
75797	31
75798	482
75799	177
75800	1
75801	284
75802	386
75803	0
75804	0
75805	56
75806	46
75807	76
75808	0
75809	59
75810	183
75811	346
75812	0
75813	7
75814	38
75815	12
75816	170
75817	276
75818	238
75819	100
75820	0
75821	20
75822	48
75823	0
75824	16
75825	115
75826	155
75827	101
75828	394
75829	419
75830	519
75831	0
75832	129
75833	225
75834	311
75835	85
75836	0
75837	0
75838	11
75839	93
75840	35
75841	0
75842	3
75843	346
75844	218
75845	0
75846	362
75847	1
75848	284
75849	4
75850	0
75851	0
75852	0
75853	136
75854	132
75855	0
75856	23
75857	548
75858	23
75859	10
75860	263
75861	30
75862	10
75863	371
75864	0
75865	213
75866	96
75867	201
75868	202
75869	156
75870	248
75871	108
75872	17
75873	4
75874	1
75875	318
75876	407
75877	197
75878	70
75879	431
75880	327
75881	6
75882	26
75883	295
75884	125
75885	30
75886	53
75887	4
75888	20
75889	1
75890	0
75891	84
75892	279
75893	0
75894	168
75895	41
75896	72
75897	75
75898	251
75899	3
75900	158
75901	34
75902	191
75903	310
75904	20
75905	76
75906	228
75907	0
75908	0
75909	109
75910	1
75911	34
75912	469
75913	509
75914	477
75915	2
75916	0
75917	0
75918	0
75919	0
75920	0
75921	300
75922	4
75923	19
75924	84
75925	11
75926	35
75927	20
75928	362
75929	0
75930	2
75931	10
75932	0
75933	74
75934	79
75935	23
75936	56
75937	4
75938	5
75939	35
75940	26
75941	0
75942	378
75943	387
75944	371
75945	109
75946	165
75947	1
75948	35
75949	96
75950	410
75951	158
75952	0
75953	35
75954	105
75955	34
75956	215
75957	228
75958	35
75959	4
75960	35
75961	0
75962	5
75963	0
75964	265
75965	402
75966	1
75967	2
75968	0
75969	25
75970	207
75971	0
75972	0
75973	0
75974	88
75975	20
75976	0
75977	35
75978	0
75979	5
75980	13
75981	1
75982	4
75983	2
75984	77
75985	1
75986	78
75987	242
75988	188
75989	12
75990	0
75991	104
75992	35
75993	139
75994	68
75995	32
75996	56
75997	0
75998	49
75999	10
76000	0
76001	248
76002	20
76003	120
76004	78
76005	19
76006	30
76007	0
76008	0
76009	220
76010	44
76011	382
76012	0
76013	12
76014	268
76015	0
76016	0
76017	0
76018	131
76019	455
76020	411
76021	361
76022	1
76023	20
76024	41
76025	2
76026	151
76027	2
76028	517
76029	111
76030	11
76031	3
76032	247
76033	1
76034	1
76035	52
76036	0
76037	14
76038	12
76039	296
76040	303
76041	256
76042	445
76043	199
76044	52
76045	200
76046	0
76047	136
76048	368
76049	22
76050	23
76051	1
76052	254
76053	0
76054	1
76055	281
76056	150
76057	235
76058	114
76059	0
76060	0
76061	157
76062	0
76063	258
76064	3
76065	598
76066	86
76067	10
76068	0
76069	304
76070	152
76071	50
76072	170
76073	57
76074	34
76075	10
76076	0
76077	43
76078	207
76079	98
76080	0
76081	37
76082	356
76083	127
76084	158
76085	102
76086	5
76087	0
76088	190
76089	4
76090	182
76091	115
76092	615
76093	254
76094	1
76095	631
76096	442
76097	83
76098	56
76099	344
76100	10
76101	10
76102	84
76103	20
76104	1
76105	0
76106	146
76107	435
76108	0
76109	84
76110	1
76111	292
76112	34
76113	34
76114	196
76115	0
76116	192
76117	30
76118	32
76119	0
76120	4
76121	0
76122	274
76123	0
76124	0
76125	3
76126	17
76127	228
76128	0
76129	162
76130	0
76131	476
76132	276
76133	205
76134	0
76135	0
76136	0
76137	70
76138	24
76139	27
76140	14
76141	55
76142	0
76143	0
76144	41
76145	25
76146	6
76147	2
76148	179
76149	0
76150	7
76151	12
76152	516
76153	11
76154	0
76155	0
76156	114
76157	56
76158	0
76159	15
76160	0
76161	71
76162	82
76163	24
76164	156
76165	298
76166	286
76167	3
76168	12
76169	0
76170	105
76171	0
76172	95
76173	1
76174	195
76175	160
76176	149
76177	0
76178	236
76179	0
76180	35
76181	181
76182	0
76183	185
76184	267
76185	12
76186	0
76187	44
76188	56
76189	90
76190	89
76191	329
76192	25
76193	14
76194	0
76195	294
76196	0
76197	0
76198	9
76199	0
76200	0
76201	275
76202	12
76203	40
76204	4
76205	17
76206	0
76207	28
76208	15
76209	580
76210	409
76211	119
76212	0
76213	0
76214	143
76215	65
76216	0
76217	0
76218	0
76219	17
76220	0
76221	0
76222	0
76223	247
76224	341
76225	319
76226	139
76227	112
76228	0
76229	266
76230	523
76231	0
76232	55
76233	10
76234	0
76235	89
76236	200
76237	278
76238	65
76239	35
76240	78
76241	0
76242	3
76243	192
76244	1
76245	31
76246	41
76247	12
76248	441
76249	138
76250	30
76251	104
76252	59
76253	40
76254	197
76255	0
76256	0
76257	0
76258	176
76259	80
76260	193
76261	0
76262	344
76263	293
76264	4
76265	0
76266	0
76267	21
76268	5
76269	19
76270	111
76271	337
76272	61
76273	0
76274	0
76275	268
76276	354
76277	2
76278	237
76279	0
76280	5
76281	0
76282	86
76283	4
76284	137
76285	165
76286	105
76287	212
76288	0
76289	6
76290	166
76291	35
76292	1
76293	180
76294	658
76295	56
76296	0
76297	1
76298	71
76299	318
76300	36
76301	0
76302	230
76303	140
76304	0
76305	159
76306	240
76307	393
76308	304
76309	35
76310	251
76311	344
76312	373
76313	77
76314	56
76315	13
76316	0
76317	203
76318	53
76319	0
76320	35
76321	10
76322	0
76323	0
76324	0
76325	1
76326	350
76327	470
76328	0
76329	597
76330	320
76331	0
76332	326
76333	20
76334	10
76335	35
76336	0
76337	25
76338	0
76339	276
76340	27
76341	0
76342	1
76343	270
76344	88
76345	0
76346	10
76347	7
76348	19
76349	8
76350	25
76351	150
76352	11
76353	4
76354	171
76355	14
76356	108
76357	0
76358	0
76359	72
76360	11
76361	26
76362	4
76363	0
76364	0
76365	352
76366	321
76367	0
76368	20
76369	18
76370	10
76371	10
76372	0
76373	0
76374	20
76375	36
76376	23
76377	430
76378	10
76379	458
76380	62
76381	169
76382	0
76383	1
76384	10
76385	334
76386	10
76387	227
76388	16
76389	56
76390	0
76391	2
76392	13
76393	417
76394	389
76395	75
76396	1
76397	0
76398	20
76399	7
76400	4
76401	4
76402	68
76403	356
76404	8
76405	0
76406	10
76407	4
76408	386
76409	477
76410	10
76411	0
76412	316
76413	0
76414	35
76415	20
76416	13
76417	509
76418	361
76419	315
76420	4
76421	12
76422	0
76423	0
76424	26
76425	0
76426	4
76427	259
76428	0
76429	11
76430	30
76431	56
76432	0
76433	216
76434	305
76435	56
76436	136
76437	22
76438	20
76439	6
76440	528
76441	257
76442	56
76443	0
76444	4
76445	0
76446	532
76447	403
76448	14
76449	290
76450	0
76451	0
76452	264
76453	42
76454	3
76455	37
76456	61
76457	4
76458	12
76459	162
76460	129
76461	1
76462	0
76463	242
76464	86
76465	56
76466	392
76467	183
76468	0
76469	88
76470	249
76471	26
76472	0
76473	0
76474	0
76475	254
76476	106
76477	0
76478	351
76479	0
76480	383
76481	384
76482	0
76483	0
76484	87
76485	32
76486	12
76487	40
76488	8
76489	299
76490	365
76491	292
76492	20
76493	4
76494	0
76495	0
76496	4
76497	639
76498	570
76499	4
76500	0
76501	427
76502	258
76503	322
76504	210
76505	20
76506	119
76507	242
76508	15
76509	80
76510	288
76511	71
76512	0
76513	3
76514	0
76515	20
76516	59
76517	64
76518	98
76519	10
76520	140
76521	396
76522	338
76523	594
76524	756
76525	155
76526	0
76527	200
76528	200
76529	1
76530	398
76531	111
76532	307
76533	527
76534	175
76535	0
76536	0
76537	0
76538	0
76539	143
76540	212
76541	1
76542	38
76543	110
76544	1
76545	161
76546	0
76547	0
76548	411
76549	12
76550	0
76551	65
76552	0
76553	1
76554	0
76555	0
76556	4
76557	0
76558	0
76559	4
76560	3
76561	3
76562	1
76563	0
76564	0
76565	70
76566	91
76567	202
76568	0
76569	35
76570	0
76571	45
76572	18
76573	203
76574	251
76575	141
76576	408
76577	0
76578	68
76579	166
76580	330
76581	366
76582	281
76583	458
76584	0
76585	10
76586	0
76587	57
76588	1
76589	252
76590	21
76591	8
76592	0
76593	0
76594	501
76595	699
76596	419
76597	356
76598	341
76599	23
76600	1
76601	378
76602	5
76603	38
76604	0
76605	323
76606	255
76607	15
76608	45
76609	68
76610	0
76611	0
76612	20
76613	111
76614	345
76615	192
76616	10
76617	172
76618	68
76619	104
76620	0
76621	144
76622	136
76623	25
76624	0
76625	20
76626	0
76627	72
76628	10
76629	114
76630	114
76631	0
76632	20
76633	20
76634	122
76635	4
76636	180
76637	90
76638	0
76639	35
76640	0
76641	4
76642	45
76643	1
76644	156
76645	0
76646	0
76647	361
76648	58
76649	36
76650	10
76651	101
76652	82
76653	0
76654	37
76655	1
76656	20
76657	0
76658	0
76659	36
76660	366
76661	0
76662	0
76663	20
76664	101
76665	35
76666	3
76667	20
76668	37
76669	172
76670	326
76671	56
76672	195
76673	0
76674	1
76675	0
76676	77
76677	80
76678	1
76679	0
76680	79
76681	420
76682	0
76683	15
76684	7
76685	120
76686	7
76687	231
76688	291
76689	22
76690	364
76691	0
76692	18
76693	0
76694	0
76695	0
76696	204
76697	14
76698	0
76699	66
76700	100
76701	0
76702	0
76703	100
76704	132
76705	5
76706	423
76707	114
76708	303
76709	84
76710	295
76711	29
76712	95
76713	36
76714	35
76715	100
76716	20
76717	20
76718	4
76719	24
76720	0
76721	1
76722	251
76723	10
76724	2
76725	20
76726	267
76727	26
76728	275
76729	10
76730	4
76731	416
76732	27
76733	366
76734	20
76735	34
76736	2
76737	13
76738	33
76739	0
76740	148
76741	231
76742	22
76743	389
76744	4
76745	4
76746	49
76747	89
76748	16
76749	0
76750	55
76751	0
76752	419
76753	1
76754	12
76755	0
76756	4
76757	303
76758	350
76759	26
76760	254
76761	10
76762	0
76763	273
76764	117
76765	0
76766	5
76767	211
76768	55
76769	18
76770	38
76771	15
76772	70
76773	73
76774	298
76775	1
76776	73
76777	1
76778	151
76779	4
76780	37
76781	25
76782	52
76783	0
76784	1
76785	0
76786	32
76787	0
76788	0
76789	28
76790	559
76791	0
76792	4
76793	262
76794	1
76795	0
76796	164
76797	271
76798	3
76799	0
76800	396
76801	35
76802	0
76803	429
76804	6
76805	2
76806	44
76807	3
76808	43
76809	16
76810	4
76811	27
76812	62
76813	143
76814	278
76815	156
76816	33
76817	15
76818	159
76819	93
76820	0
76821	1
76822	56
76823	122
76824	24
76825	0
76826	1
76827	0
76828	333
76829	0
76830	431
76831	51
76832	274
76833	474
76834	290
76835	46
76836	0
76837	294
76838	29
76839	0
76840	20
76841	2
76842	19
76843	10
76844	608
76845	379
76846	29
76847	0
76848	18
76849	23
76850	1
76851	425
76852	114
76853	0
76854	20
76855	2
76856	35
76857	22
76858	243
76859	285
76860	168
76861	0
76862	35
76863	0
76864	0
76865	0
76866	451
76867	264
76868	197
76869	1
76870	1
76871	80
76872	4
76873	18
76874	35
76875	156
76876	4
76877	9
