47835	84
47836	224
47837	337
47838	420
47839	126
47840	174
47841	109
47842	35
47843	133
47844	194
47845	92
47846	206
47847	0
47848	49
47849	126
47850	37
47851	36
47852	159
47853	4
47854	227
47855	166
47856	0
47857	21
47858	5
47859	69
47860	2
47861	4
47862	0
47863	1
47864	7
47865	185
47866	182
47867	0
47868	0
47869	56
47870	162
47871	456
47872	16
47873	1
47874	10
47875	175
47876	175
47877	27
47878	152
47879	38
47880	50
47881	56
47882	86
47883	56
47884	93
47885	197
47886	0
47887	0
47888	243
47889	37
47890	0
47891	110
47892	5
47893	328
47894	471
47895	10
47896	0
47897	9
47898	328
47899	130
47900	428
47901	11
47902	292
47903	10
47904	292
47905	102
47906	364
47907	115
47908	57
47909	461
47910	435
47911	25
47912	0
47913	42
47914	0
47915	69
47916	54
47917	344
47918	4
47919	0
47920	0
47921	24
47922	0
47923	0
47924	50
47925	1
47926	2
47927	10
47928	217
47929	209
47930	203
47931	216
47932	297
47933	208
47934	136
47935	59
47936	138
47937	117
47938	179
47939	414
47940	409
47941	412
47942	0
47943	1
47944	35
47945	410
47946	51
47947	10
47948	11
47949	119
47950	190
47951	0
47952	9
47953	206
47954	76
47955	0
47956	51
47957	116
47958	203
47959	4
47960	51
47961	134
47962	341
47963	201
47964	0
47965	20
47966	4
47967	183
47968	120
47969	21
47970	31
47971	26
47972	31
47973	36
47974	10
47975	0
47976	67
47977	4
47978	154
47979	12
47980	35
47981	49
47982	25
47983	84
47984	5
47985	35
47986	4
47987	12
47988	123
47989	169
47990	0
47991	149
47992	0
47993	69
47994	315
47995	30
47996	67
47997	165
47998	0
47999	244
48000	222
48001	4
48002	191
48003	0
48004	0
48005	11
48006	32
48007	0
48008	0
48009	136
48010	313
48011	254
48012	342
48013	215
48014	46
48015	29
48016	160
48017	173
48018	339
48019	112
48020	3
48021	0
48022	160
48023	95
48024	93
48025	11
48026	0
48027	84
48028	539
48029	0
48030	1
48031	121
48032	22
48033	314
48034	214
48035	278
48036	124
48037	101
48038	1
48039	0
48040	1
48041	43
48042	4
48043	12
48044	10
48045	0
48046	84
48047	0
48048	209
48049	18
48050	312
48051	3
48052	0
48053	37
48054	316
48055	59
48056	306
48057	48
48058	104
48059	69
48060	84
48061	27
48062	121
48063	11
48064	4
48065	0
48066	93
48067	112
48068	0
48069	0
48070	19
48071	95
48072	112
48073	159
48074	6
48075	0
48076	109
48077	4
48078	65
48079	64
48080	174
48081	2
48082	106
48083	310
48084	135
48085	126
48086	115
48087	64
48088	84
48089	140
48090	151
48091	2
48092	161
48093	38
48094	231
48095	104
48096	100
48097	136
48098	0
48099	0
48100	20
48101	638
48102	419
48103	225
48104	28
48105	18
48106	103
48107	184
48108	8
48109	98
48110	4
48111	59
48112	26
48113	10
48114	60
48115	34
48116	80
48117	265
48118	184
48119	161
48120	54
48121	146
48122	211
48123	1
48124	4
48125	0
48126	20
48127	0
48128	41
48129	10
48130	255
48131	0
48132	57
48133	52
48134	0
48135	58
48136	120
48137	316
48138	99
48139	11
48140	31
48141	45
48142	192
48143	6
48144	0
48145	70
48146	35
48147	408
48148	521
48149	56
48150	0
48151	0
48152	198
48153	298
48154	258
48155	251
48156	113
48157	1
48158	4
48159	122
48160	216
48161	66
48162	20
48163	6
48164	4
48165	63
48166	0
48167	33
48168	50
48169	522
48170	35
48171	27
48172	120
48173	10
48174	77
48175	48
48176	29
48177	0
48178	161
48179	0
48180	167
48181	43
48182	6
48183	332
48184	35
48185	0
48186	158
48187	16
48188	250
48189	1
48190	221
48191	216
48192	265
48193	264
48194	274
48195	205
48196	332
48197	4
48198	176
48199	0
48200	236
48201	452
48202	705
48203	84
48204	491
48205	582
48206	26
48207	83
48208	14
48209	186
48210	231
48211	65
48212	30
48213	7
48214	2
48215	0
48216	205
48217	301
48218	80
48219	16
48220	0
48221	22
48222	109
48223	0
48224	337
48225	336
48226	89
48227	1
48228	4
48229	4
48230	492
48231	361
48232	22
48233	280
48234	137
48235	166
48236	2
48237	23
48238	23
48239	91
48240	35
48241	0
48242	56
48243	224
48244	11
48245	332
48246	397
48247	314
48248	90
48249	0
48250	0
48251	84
48252	299
48253	193
48254	144
48255	198
48256	59
48257	442
48258	10
48259	1
48260	22
48261	0
48262	45
48263	56
48264	48
48265	16
48266	382
48267	323
48268	5
48269	268
48270	229
48271	618
48272	556
48273	426
48274	524
48275	14
48276	102
48277	247
48278	417
48279	42
48280	42
48281	0
48282	1
48283	41
48284	131
48285	52
48286	4
48287	4
48288	290
48289	39
48290	12
48291	213
48292	36
48293	135
48294	155
48295	1
48296	39
48297	248
48298	37
48299	104
48300	346
48301	183
48302	3
48303	53
48304	124
48305	1
48306	215
48307	24
48308	14
48309	327
48310	285
48311	222
48312	0
48313	243
48314	247
48315	315
48316	263
48317	141
48318	25
48319	284
48320	92
48321	3
48322	35
48323	44
48324	115
48325	13
48326	62
48327	30
48328	6
48329	10
48330	1
48331	86
48332	309
48333	57
48334	2
48335	128
48336	2
48337	149
48338	320
48339	88
48340	303
48341	0
48342	427
48343	27
48344	58
48345	4
48346	405
48347	333
48348	270
48349	72
48350	5
48351	25
48352	10
48353	58
48354	0
48355	0
48356	0
48357	0
48358	50
48359	400
48360	35
48361	122
48362	2
48363	200
48364	82
48365	100
48366	20
48367	78
48368	23
48369	27
48370	547
48371	691
48372	49
48373	120
48374	165
48375	782
48376	302
48377	14
48378	13
48379	4
48380	333
48381	425
48382	291
48383	5
48384	1
48385	186
48386	119
48387	0
48388	0
48389	260
48390	156
48391	131
48392	14
48393	330
48394	6
48395	38
48396	309
48397	44
48398	13
48399	0
48400	54
48401	56
48402	6
48403	1
48404	0
48405	265
48406	35
48407	311
48408	207
48409	0
48410	0
48411	331
48412	2
48413	367
48414	35
48415	0
48416	55
48417	106
48418	0
48419	1
48420	0
48421	13
48422	51
48423	112
48424	9
48425	0
48426	158
48427	189
48428	0
48429	108
48430	4
48431	0
48432	195
48433	361
48434	390
48435	75
48436	357
48437	58
48438	308
48439	139
48440	369
48441	378
48442	320
48443	281
48444	304
48445	501
48446	222
48447	55
48448	182
48449	330
48450	117
48451	10
48452	27
48453	377
48454	142
48455	0
48456	152
48457	801
48458	20
48459	0
48460	89
48461	117
48462	21
48463	56
48464	12
48465	143
48466	1
48467	3
48468	20
48469	1
48470	0
48471	35
48472	115
48473	276
48474	48
48475	0
48476	169
48477	78
48478	198
48479	248
48480	56
48481	65
48482	10
48483	3
48484	10
48485	0
48486	48
48487	45
48488	4
48489	93
48490	0
48491	5
48492	233
48493	10
48494	223
48495	84
48496	462
48497	393
48498	255
48499	5
48500	58
48501	120
48502	35
48503	55
48504	269
48505	456
48506	396
48507	262
48508	1
48509	17
48510	313
48511	45
48512	132
48513	113
48514	10
48515	2
48516	37
48517	37
48518	71
48519	96
48520	118
48521	0
48522	27
48523	144
48524	35
48525	3
48526	94
48527	72
48528	322
48529	21
48530	430
48531	56
48532	0
48533	4
48534	87
48535	18
48536	85
48537	100
48538	271
48539	584
48540	213
48541	147
48542	12
48543	5
48544	0
48545	198
48546	1
48547	131
48548	104
48549	20
48550	280
48551	20
48552	114
48553	1
48554	23
48555	137
48556	0
48557	97
48558	52
48559	139
48560	154
48561	84
48562	49
48563	218
48564	150
48565	33
48566	126
48567	440
48568	373
48569	205
48570	126
48571	10
48572	10
48573	0
48574	164
48575	102
48576	1
48577	347
48578	81
48579	87
48580	141
48581	0
48582	111
48583	41
48584	296
48585	134
48586	285
48587	0
48588	0
48589	35
48590	236
48591	10
48592	0
48593	25
48594	0
48595	213
