14826	0
14827	52
14828	101
14829	0
14830	38
14831	0
14832	0
14833	7
14834	13
14835	7
14836	66
14837	2
14838	0
14839	27
14840	42
14841	0
14842	0
14843	13
14844	0
14845	24
14846	0
14847	2
14848	4
14849	12
14850	90
14851	117
14852	0
14853	1
14854	0
14855	4
14856	56
14857	122
14858	202
14859	52
14860	36
14861	74
14862	155
14863	0
14864	341
14865	35
14866	0
14867	37
14868	0
14869	2
14870	64
14871	84
14872	1
14873	81
14874	0
14875	3
14876	0
14877	1
14878	0
14879	1
14880	0
14881	10
14882	0
14883	1
14884	89
14885	0
14886	56
14887	0
14888	168
14889	58
14890	124
14891	55
14892	34
14893	189
14894	20
14895	83
14896	122
14897	4
14898	65
14899	1
14900	245
14901	398
14902	53
14903	432
14904	0
14905	4
14906	94
14907	257
14908	493
14909	0
14910	44
14911	260
14912	6
14913	1
14914	0
14915	59
14916	4
14917	50
14918	1
14919	147
14920	0
14921	236
14922	0
14923	1
14924	1
14925	2
14926	1
14927	2
14928	1
14929	307
14930	234
14931	103
14932	72
14933	11
14934	0
14935	247
14936	165
14937	358
14938	442
14939	4
14940	0
14941	0
14942	0
14943	84
14944	0
14945	0
14946	0
14947	0
14948	0
14949	278
14950	4
14951	23
14952	2
14953	4
14954	73
14955	24
14956	209
14957	46
14958	112
14959	0
14960	0
14961	117
14962	0
14963	0
14964	1
14965	4
14966	1
14967	4
14968	0
14969	0
14970	73
14971	0
14972	0
14973	0
14974	20
14975	0
14976	86
14977	7
14978	35
14979	10
14980	0
14981	233
14982	0
14983	4
14984	30
14985	14
14986	3
14987	22
14988	0
14989	0
14990	1
14991	66
14992	144
14993	164
14994	0
14995	154
14996	4
14997	12
14998	542
14999	2
15000	12
15001	4
15002	20
15003	1
15004	4
15005	274
15006	205
15007	0
15008	60
15009	4
15010	1
15011	10
15012	399
15013	45
15014	56
15015	56
15016	20
15017	1
15018	149
15019	0
15020	0
15021	1
15022	0
15023	90
15024	0
15025	39
15026	0
15027	5
15028	58
15029	211
15030	17
15031	55
15032	0
15033	35
15034	10
15035	10
15036	18
15037	7
15038	88
15039	1
15040	1
15041	130
15042	0
15043	20
15044	2
15045	0
15046	20
15047	236
15048	258
15049	0
15050	0
15051	10
15052	47
15053	2
15054	0
15055	0
15056	0
15057	0
15058	21
15059	68
15060	68
15061	75
15062	158
15063	38
15064	68
15065	76
15066	0
15067	2
15068	0
15069	16
15070	125
15071	24
15072	0
15073	0
15074	2
15075	0
15076	0
15077	0
15078	334
15079	20
15080	84
15081	84
15082	4
15083	5
15084	3
15085	98
15086	78
15087	8
15088	1
15089	68
15090	0
15091	261
15092	79
15093	4
15094	23
15095	17
15096	1
15097	256
15098	118
15099	0
15100	273
15101	362
15102	334
15103	361
15104	18
15105	3
15106	10
15107	4
15108	4
15109	172
15110	28
15111	123
15112	51
15113	4
15114	312
15115	152
15116	18
15117	35
15118	22
15119	0
15120	0
15121	1
15122	0
15123	37
15124	388
15125	97
15126	264
15127	0
15128	0
15129	35
15130	1
15131	1
15132	7
15133	229
15134	0
15135	58
15136	47
15137	0
15138	56
15139	10
15140	153
15141	20
15142	6
15143	4
15144	40
15145	1
15146	0
15147	25
15148	242
15149	0
15150	0
15151	0
15152	237
15153	17
15154	144
15155	0
15156	0
15157	56
15158	6
15159	5
15160	0
15161	362
15162	11
15163	5
15164	104
15165	38
15166	0
15167	156
15168	1
15169	212
15170	0
15171	23
15172	4
15173	4
15174	281
15175	56
15176	0
15177	96
15178	0
15179	20
15180	0
15181	0
15182	53
15183	77
15184	1
15185	104
15186	110
15187	0
15188	0
15189	10
15190	16
15191	60
15192	59
15193	0
15194	56
15195	35
15196	20
15197	27
15198	0
15199	35
15200	130
15201	100
15202	149
15203	142
15204	141
15205	0
15206	265
15207	16
15208	84
15209	16
15210	20
15211	0
15212	0
15213	2
15214	1
15215	0
15216	5
15217	169
15218	97
15219	10
15220	264
15221	15
15222	305
15223	4
15224	0
15225	0
15226	0
15227	0
15228	68
15229	98
15230	21
15231	5
15232	85
15233	0
15234	0
15235	0
15236	0
15237	138
15238	10
15239	86
15240	56
15241	18
15242	4
15243	0
15244	14
15245	101
15246	3
15247	270
15248	0
15249	0
15250	0
15251	0
15252	0
15253	0
15254	264
15255	3
15256	231
15257	19
15258	40
15259	1
15260	37
15261	45
15262	2
15263	0
15264	20
15265	229
15266	4
15267	25
15268	577
15269	417
15270	62
15271	2
15272	0
15273	0
15274	0
15275	0
15276	528
15277	1
15278	57
15279	638
15280	83
15281	505
15282	0
15283	26
15284	11
15285	7
15286	169
15287	100
15288	0
15289	243
15290	6
15291	180
15292	0
15293	34
15294	86
15295	10
15296	156
15297	0
15298	206
15299	0
15300	454
15301	265
15302	23
15303	0
15304	0
15305	54
15306	333
15307	0
15308	0
15309	16
15310	1
15311	20
15312	1
15313	0
15314	0
15315	2
15316	0
15317	14
15318	153
15319	0
15320	220
15321	378
15322	289
15323	373
15324	7
15325	167
15326	10
15327	0
15328	0
15329	0
15330	0
15331	518
15332	82
15333	278
15334	217
15335	290
15336	31
15337	4
15338	0
15339	0
15340	0
15341	0
15342	0
15343	100
15344	0
15345	0
15346	12
15347	46
15348	120
15349	20
15350	35
15351	40
15352	535
15353	35
15354	1
15355	44
15356	0
15357	1
15358	236
15359	1
15360	0
15361	2
15362	122
15363	0
15364	224
15365	141
15366	0
15367	56
15368	40
15369	12
15370	0
15371	0
15372	0
15373	0
15374	0
15375	181
15376	286
15377	0
15378	1
15379	12
15380	212
15381	124
15382	325
15383	17
15384	42
15385	10
15386	0
15387	0
15388	56
15389	0
15390	0
15391	45
15392	0
15393	127
15394	2
15395	56
15396	0
15397	174
15398	257
15399	4
15400	0
15401	0
15402	1
15403	276
15404	0
15405	30
15406	10
15407	119
15408	113
15409	12
15410	83
15411	19
15412	80
15413	112
15414	23
15415	77
15416	0
15417	173
15418	123
15419	31
15420	10
15421	0
15422	156
15423	76
15424	84
15425	10
15426	12
15427	352
15428	0
15429	2
15430	74
15431	0
15432	0
15433	49
15434	49
15435	387
15436	0
15437	231
15438	54
15439	0
15440	82
15441	197
15442	232
15443	186
15444	273
15445	0
15446	131
15447	2
15448	9
15449	0
15450	57
15451	10
15452	10
15453	187
15454	17
15455	2
15456	4
15457	1
15458	10
15459	120
15460	202
15461	23
15462	35
15463	0
15464	6
15465	0
15466	200
15467	72
15468	52
15469	30
15470	61
15471	0
15472	0
15473	77
15474	2
15475	38
15476	3
15477	35
15478	0
15479	0
15480	0
15481	0
15482	158
15483	0
15484	0
15485	0
15486	200
15487	131
15488	69
15489	4
15490	0
15491	20
15492	0
15493	43
15494	256
15495	58
15496	0
15497	45
15498	0
15499	323
15500	387
15501	0
15502	2
15503	3
15504	35
15505	2
15506	0
15507	20
15508	0
15509	71
15510	2
15511	261
15512	122
15513	95
15514	10
15515	0
15516	35
15517	81
15518	0
15519	0
15520	189
15521	370
15522	26
15523	0
15524	0
15525	0
15526	67
15527	22
15528	132
15529	35
15530	15
15531	0
15532	2
15533	0
15534	251
15535	2
15536	67
15537	0
15538	497
15539	0
15540	194
15541	187
15542	0
15543	188
15544	12
15545	74
15546	214
15547	0
15548	0
15549	8
15550	1
15551	0
15552	0
15553	1
15554	284
15555	26
15556	10
15557	306
15558	0
15559	205
15560	336
15561	20
15562	0
15563	20
15564	35
15565	56
15566	11
15567	0
15568	317
15569	1
15570	275
15571	198
15572	75
15573	55
15574	40
15575	10
15576	39
15577	73
15578	70
15579	35
15580	59
15581	0
15582	284
15583	101
15584	0
15585	403
15586	0
15587	93
15588	6
15589	446
15590	1
15591	516
15592	1
15593	0
15594	0
15595	0
15596	300
15597	0
15598	0
15599	214
15600	37
15601	0
15602	0
15603	0
15604	2
15605	386
15606	13
15607	6
15608	7
15609	10
15610	286
15611	5
15612	206
15613	222
15614	35
15615	0
15616	129
15617	59
15618	0
15619	0
15620	0
15621	48
15622	127
15623	3
15624	0
15625	4
15626	0
15627	112
15628	1
15629	4
15630	178
15631	11
15632	70
15633	169
15634	20
15635	20
15636	75
15637	44
15638	0
15639	1
15640	7
15641	7
15642	0
15643	1
15644	0
15645	16
15646	0
15647	34
15648	0
15649	0
15650	119
15651	83
15652	115
15653	165
15654	4
15655	196
15656	10
15657	24
15658	0
15659	64
15660	0
15661	37
15662	0
15663	0
15664	315
15665	1
15666	324
15667	360
15668	12
15669	56
15670	0
15671	1
15672	15
15673	20
15674	0
15675	0
15676	229
15677	102
15678	28
15679	12
15680	342
15681	488
15682	60
15683	16
15684	20
15685	0
15686	10
15687	10
15688	14
15689	1
15690	38
15691	0
15692	40
15693	72
15694	0
15695	0
15696	0
15697	4
15698	5
15699	31
15700	23
15701	0
15702	9
15703	4
15704	0
15705	14
15706	0
15707	169
15708	96
15709	0
15710	23
15711	169
15712	210
15713	0
15714	209
15715	137
15716	95
15717	85
15718	69
15719	177
15720	193
15721	4
15722	10
15723	117
15724	20
15725	13
15726	2
15727	0
15728	0
15729	29
15730	66
15731	127
15732	75
15733	137
15734	0
15735	0
15736	258
15737	243
15738	2
15739	0
15740	1
15741	79
15742	4
15743	0
15744	36
15745	62
15746	10
15747	20
15748	3
15749	209
15750	39
15751	81
15752	3
15753	319
15754	267
15755	0
15756	39
15757	95
15758	149
15759	30
15760	0
15761	39
15762	10
15763	121
15764	205
15765	368
15766	177
15767	0
15768	0
15769	237
15770	1
15771	0
15772	0
15773	0
15774	0
15775	86
15776	0
15777	4
15778	4
15779	103
15780	273
15781	0
15782	173
15783	0
15784	11
15785	224
15786	262
15787	77
15788	0
15789	0
15790	0
15791	1
15792	0
15793	1
15794	1
15795	1
15796	1
15797	35
15798	312
15799	369
15800	0
15801	0
15802	0
15803	0
15804	266
15805	0
15806	93
15807	137
15808	2
15809	174
15810	211
15811	0
15812	287
15813	126
15814	296
15815	176
15816	0
15817	120
15818	1
15819	2
15820	84
15821	0
15822	0
15823	138
15824	215
15825	0
15826	99
15827	231
15828	17
15829	2
15830	1
15831	0
15832	208
15833	35
15834	0
15835	0
15836	20
15837	0
15838	0
15839	29
15840	424
15841	0
15842	22
15843	99
15844	0
15845	0
15846	38
15847	282
15848	79
15849	0
15850	0
15851	0
15852	26
15853	0
15854	10
15855	11
15856	132
15857	0
15858	0
15859	35
15860	42
15861	217
15862	0
15863	0
15864	160
15865	2
15866	129
15867	120
15868	205
15869	292
15870	282
15871	0
15872	23
15873	371
15874	325
15875	217
15876	58
15877	85
15878	0
15879	0
15880	44
15881	1
15882	8
15883	0
15884	44
15885	3
15886	0
15887	0
15888	0
15889	10
15890	2
15891	141
15892	416
15893	132
15894	4
15895	1
15896	0
15897	55
15898	56
15899	127
15900	12
15901	32
15902	290
15903	216
15904	0
15905	179
15906	141
15907	14
15908	0
15909	98
15910	0
15911	12
15912	0
15913	0
15914	0
15915	41
15916	85
15917	0
15918	172
15919	196
15920	35
15921	127
15922	249
15923	2
15924	93
15925	219
15926	0
15927	56
15928	109
15929	61
15930	0
15931	10
15932	2
15933	1
15934	121
15935	175
15936	203
15937	0
15938	0
15939	0
15940	35
15941	21
15942	0
15943	0
15944	0
15945	0
15946	156
15947	118
15948	0
15949	4
15950	0
15951	127
15952	392
15953	0
15954	27
15955	2
15956	20
15957	0
15958	24
15959	0
15960	2
15961	50
15962	125
15963	1
15964	140
15965	407
15966	0
15967	0
15968	0
15969	9
15970	247
15971	155
15972	0
15973	19
15974	13
15975	5
15976	0
15977	0
15978	0
15979	0
15980	0
15981	0
15982	0
15983	0
15984	1
15985	0
15986	0
15987	61
15988	8
15989	38
15990	4
15991	12
15992	112
15993	0
15994	41
15995	22
15996	414
15997	480
15998	36
15999	132
16000	42
16001	81
16002	0
16003	208
16004	0
16005	2
16006	1
16007	160
16008	0
16009	112
16010	0
16011	0
16012	122
16013	35
16014	205
16015	253
16016	0
16017	23
16018	13
16019	166
16020	0
16021	1
16022	4
16023	6
16024	0
16025	5
16026	156
16027	155
16028	102
16029	103
16030	253
16031	290
16032	0
16033	73
16034	0
16035	103
16036	35
16037	27
16038	167
16039	287
16040	1
16041	77
16042	116
16043	117
16044	42
16045	14
16046	49
16047	12
16048	318
16049	0
16050	10
16051	20
16052	294
16053	0
16054	693
16055	503
16056	125
16057	12
16058	11
16059	37
16060	98
16061	336
16062	2
16063	0
16064	263
16065	249
16066	24
16067	12
16068	0
16069	0
16070	104
16071	0
16072	5
16073	2
16074	58
16075	105
16076	3
16077	0
16078	35
16079	399
16080	49
16081	2
16082	46
16083	18
16084	81
16085	56
16086	50
16087	6
16088	44
16089	120
16090	161
16091	10
16092	120
16093	211
16094	380
16095	88
16096	35
16097	71
16098	58
16099	212
16100	0
16101	4
16102	108
16103	0
16104	264
16105	7
16106	0
16107	284
16108	1
16109	18
16110	8
16111	1
16112	58
16113	56
16114	20
16115	44
16116	0
16117	89
16118	155
16119	408
16120	0
16121	55
16122	124
16123	101
16124	193
16125	0
16126	84
16127	0
16128	0
16129	50
16130	0
16131	50
16132	0
16133	0
16134	154
16135	0
16136	0
16137	4
16138	20
16139	0
16140	184
16141	0
16142	43
16143	152
16144	6
16145	16
16146	201
16147	0
16148	242
16149	0
16150	35
16151	32
16152	45
16153	12
16154	14
16155	15
16156	56
16157	259
16158	0
16159	0
16160	132
16161	13
16162	2
16163	2
16164	62
16165	0
16166	119
16167	128
16168	56
16169	6
16170	31
16171	25
16172	18
16173	8
16174	36
16175	86
16176	41
16177	1
16178	2
16179	0
16180	21
16181	56
16182	137
16183	64
16184	6
16185	166
16186	189
16187	25
16188	2
16189	0
16190	20
16191	41
16192	48
16193	32
16194	387
16195	4
16196	108
16197	5
16198	0
16199	10
16200	0
16201	4
16202	4
16203	0
16204	250
16205	332
16206	0
16207	50
16208	0
16209	12
16210	0
16211	0
16212	4
16213	167
16214	2
16215	360
16216	261
16217	0
16218	7
16219	50
16220	1
16221	79
16222	0
16223	1
16224	0
16225	386
16226	0
16227	2
16228	1
16229	0
16230	1
16231	105
16232	50
16233	0
16234	1
16235	2
16236	0
16237	4
16238	12
16239	0
16240	4
16241	9
16242	15
16243	2
16244	13
16245	0
16246	20
16247	0
16248	4
16249	36
16250	0
16251	203
16252	1
16253	0
16254	20
16255	0
16256	0
16257	3
16258	321
16259	100
16260	33
16261	0
16262	30
16263	62
16264	11
16265	0
16266	55
16267	0
16268	287
16269	15
16270	4
16271	20
16272	128
16273	450
16274	154
16275	14
16276	221
16277	29
16278	324
16279	0
16280	420
16281	24
16282	417
16283	362
16284	26
16285	111
16286	0
16287	58
16288	0
16289	0
16290	66
16291	38
16292	2
16293	0
16294	0
16295	0
16296	30
16297	75
16298	478
16299	0
16300	7
16301	284
16302	2
16303	117
16304	0
16305	248
16306	151
16307	310
16308	1
16309	226
16310	1
16311	0
16312	0
16313	77
16314	418
16315	185
16316	0
16317	0
