65719	0
65720	290
65721	4
65722	126
65723	244
65724	1
65725	0
65726	0
65727	130
65728	84
65729	45
65730	4
65731	23
65732	75
65733	11
65734	1
65735	15
65736	0
65737	70
65738	0
65739	98
65740	0
65741	56
65742	310
65743	232
65744	1
65745	122
65746	33
65747	240
65748	0
65749	0
65750	10
65751	0
65752	8
65753	16
65754	430
65755	127
65756	0
65757	0
65758	20
65759	260
65760	160
65761	0
65762	121
65763	7
65764	4
65765	0
65766	0
65767	0
65768	356
65769	0
65770	10
65771	2
65772	6
65773	0
65774	35
65775	85
65776	156
65777	56
65778	16
65779	10
65780	0
65781	30
65782	53
65783	253
65784	400
65785	14
65786	71
65787	28
65788	20
65789	38
65790	60
65791	159
65792	452
65793	0
65794	143
65795	4
65796	152
65797	177
65798	237
65799	282
65800	233
65801	26
65802	336
65803	158
65804	0
65805	0
65806	65
65807	26
65808	79
65809	406
65810	242
65811	211
65812	1
65813	149
65814	67
65815	58
65816	101
65817	219
65818	91
65819	83
65820	0
65821	24
65822	56
65823	0
65824	212
65825	276
65826	223
65827	4
65828	4
65829	13
65830	161
65831	214
65832	191
65833	10
65834	291
65835	246
65836	256
65837	226
65838	145
65839	62
65840	0
65841	0
65842	20
65843	6
65844	4
65845	47
65846	190
65847	0
65848	392
65849	125
65850	2
65851	27
65852	206
65853	51
65854	51
65855	43
65856	21
65857	167
65858	135
65859	10
65860	0
65861	0
65862	0
65863	20
65864	10
65865	50
65866	65
65867	180
65868	0
65869	513
65870	16
65871	9
65872	136
65873	151
65874	42
65875	20
65876	2
65877	500
65878	0
65879	0
65880	69
65881	0
65882	0
65883	239
65884	213
65885	36
65886	0
65887	20
65888	14
65889	245
65890	288
65891	10
65892	436
65893	284
65894	53
65895	45
65896	170
65897	203
65898	198
65899	20
65900	0
65901	26
65902	153
65903	243
65904	7
65905	0
65906	254
65907	3
65908	0
65909	0
65910	352
65911	302
65912	341
65913	18
65914	42
65915	291
65916	281
65917	294
65918	137
65919	312
65920	2
65921	0
65922	0
65923	1
65924	115
65925	18
65926	128
65927	0
65928	30
65929	159
65930	291
65931	335
65932	292
65933	0
65934	0
65935	0
65936	157
65937	205
65938	107
65939	0
65940	0
65941	127
65942	0
65943	42
65944	21
65945	74
65946	2
65947	48
65948	14
65949	0
65950	231
65951	164
65952	48
65953	43
65954	34
65955	14
65956	10
65957	248
65958	0
65959	3
65960	4
65961	0
65962	222
65963	219
65964	0
65965	0
65966	0
65967	2
65968	89
65969	263
65970	330
65971	313
65972	47
65973	122
65974	36
65975	2
65976	0
65977	6
65978	5
65979	0
65980	4
65981	9
65982	35
65983	25
65984	442
65985	0
65986	21
65987	0
65988	77
65989	35
65990	103
65991	0
65992	0
65993	81
65994	368
65995	420
65996	356
65997	437
65998	1
65999	20
66000	7
66001	22
66002	275
66003	1
66004	38
66005	4
66006	0
66007	0
66008	144
66009	465
66010	19
66011	389
66012	21
66013	241
66014	302
66015	7
66016	167
66017	168
66018	35
66019	0
66020	0
66021	407
66022	259
66023	194
66024	349
66025	284
66026	346
66027	302
66028	0
66029	20
66030	0
66031	35
66032	9
66033	464
66034	0
66035	178
66036	0
66037	30
66038	102
66039	236
66040	49
66041	11
66042	133
66043	4
66044	383
66045	8
66046	138
66047	381
66048	24
66049	27
66050	0
66051	376
66052	30
66053	0
66054	0
66055	4
66056	122
66057	267
66058	0
66059	11
66060	167
66061	20
66062	281
66063	27
66064	0
66065	0
66066	338
66067	0
66068	35
66069	35
66070	20
66071	0
66072	84
66073	152
66074	102
66075	121
66076	38
66077	0
66078	0
66079	14
66080	54
66081	211
66082	0
66083	0
66084	240
66085	59
66086	0
66087	23
66088	153
66089	80
66090	121
66091	35
66092	39
66093	20
66094	117
66095	2
66096	3
66097	6
66098	10
66099	0
66100	249
66101	66
66102	292
66103	204
66104	4
66105	0
66106	133
66107	244
66108	34
66109	185
66110	0
66111	124
66112	0
66113	198
66114	32
66115	58
66116	0
66117	8
66118	30
66119	279
66120	10
66121	67
66122	332
66123	21
66124	56
66125	32
66126	4
66127	180
66128	112
66129	13
66130	76
66131	203
66132	51
66133	112
66134	31
66135	370
66136	241
66137	318
66138	53
66139	169
66140	118
66141	153
66142	0
66143	265
66144	297
66145	56
66146	86
66147	1
66148	20
66149	1
66150	83
66151	0
66152	0
66153	4
66154	10
66155	134
66156	175
66157	3
66158	1
66159	181
66160	100
66161	66
66162	137
66163	4
66164	196
66165	0
66166	60
66167	483
66168	100
66169	1
66170	148
66171	101
66172	43
66173	10
66174	2
66175	12
66176	0
66177	2
66178	52
66179	56
66180	55
66181	431
66182	0
66183	14
66184	4
66185	288
66186	0
66187	120
66188	21
66189	142
66190	4
66191	35
66192	98
66193	88
66194	142
66195	81
66196	54
66197	47
66198	584
66199	504
66200	518
66201	543
66202	294
66203	5
66204	207
66205	236
66206	10
66207	34
66208	195
66209	3
66210	229
66211	41
66212	132
66213	297
66214	1
66215	76
66216	0
66217	151
66218	72
66219	86
66220	73
66221	20
66222	0
66223	121
66224	6
66225	0
66226	88
66227	1
66228	1
66229	145
66230	0
66231	94
66232	0
66233	0
66234	124
66235	8
66236	1
66237	221
66238	141
66239	27
66240	1
66241	65
66242	97
66243	242
66244	0
66245	415
66246	4
66247	120
66248	24
66249	6
66250	303
66251	36
66252	0
66253	456
66254	311
66255	500
66256	1
66257	542
66258	118
66259	24
66260	0
66261	245
66262	4
66263	192
66264	1
66265	0
66266	615
66267	378
66268	20
66269	60
66270	20
66271	37
66272	2
66273	311
66274	0
66275	4
66276	164
66277	18
66278	145
66279	0
66280	172
66281	30
66282	10
66283	301
66284	0
66285	1
66286	165
66287	96
66288	2
66289	1
66290	0
66291	118
66292	527
66293	132
66294	372
66295	10
66296	0
66297	17
66298	4
66299	17
66300	0
66301	313
66302	374
66303	0
66304	316
66305	35
66306	0
66307	0
66308	94
66309	453
66310	10
66311	0
66312	160
66313	336
66314	245
66315	1
66316	100
66317	0
66318	10
66319	35
66320	11
66321	0
66322	37
66323	268
66324	165
66325	0
66326	80
66327	382
66328	246
66329	0
66330	37
66331	0
66332	0
66333	41
66334	58
66335	12
66336	0
66337	359
66338	20
66339	169
66340	368
66341	56
66342	476
66343	656
66344	1
66345	0
66346	165
66347	53
66348	31
66349	0
66350	104
66351	10
66352	10
66353	19
66354	21
66355	419
66356	1
66357	0
66358	103
66359	247
66360	0
66361	184
66362	21
66363	76
66364	308
66365	51
66366	10
66367	0
66368	180
66369	0
66370	0
66371	30
66372	56
66373	6
66374	53
66375	0
66376	259
66377	0
66378	0
66379	120
66380	10
66381	152
66382	166
66383	139
66384	75
66385	21
66386	85
66387	30
66388	0
66389	22
66390	35
66391	20
66392	0
66393	20
66394	40
66395	304
66396	420
66397	56
66398	0
66399	2
66400	2
66401	286
66402	320
66403	376
66404	267
66405	155
66406	0
66407	35
66408	101
66409	153
66410	41
66411	199
66412	0
66413	0
66414	263
66415	337
66416	99
66417	20
66418	11
66419	69
66420	1
66421	108
66422	0
66423	156
66424	35
66425	9
66426	2
66427	0
66428	308
66429	284
66430	124
66431	85
66432	0
66433	0
66434	53
66435	581
66436	0
66437	31
66438	331
66439	0
66440	331
66441	327
66442	13
66443	300
66444	273
66445	46
66446	322
66447	4
66448	56
66449	8
66450	34
66451	0
66452	6
66453	313
66454	20
66455	1
66456	257
66457	224
66458	1
66459	18
66460	0
66461	4
66462	0
66463	52
66464	158
66465	37
66466	143
66467	2
66468	710
66469	67
66470	62
66471	167
66472	95
66473	417
66474	234
66475	57
66476	55
66477	1
66478	20
66479	20
66480	10
66481	83
66482	324
66483	0
66484	20
66485	33
66486	58
66487	2
66488	0
66489	26
66490	2
66491	318
66492	83
66493	111
66494	288
66495	130
66496	264
66497	14
66498	75
66499	4
66500	68
66501	310
66502	0
66503	5
66504	315
66505	0
66506	244
66507	32
66508	78
66509	138
66510	34
66511	20
66512	180
66513	35
66514	4
66515	347
66516	373
66517	0
66518	165
66519	62
66520	0
66521	358
66522	0
66523	54
66524	88
66525	37
66526	452
66527	89
66528	0
66529	0
66530	117
66531	394
66532	326
66533	407
66534	83
66535	306
66536	259
66537	92
66538	136
66539	0
66540	56
66541	384
66542	20
66543	2
66544	4
66545	0
66546	0
66547	17
66548	5
66549	0
66550	101
66551	26
66552	172
66553	0
66554	623
66555	4
66556	0
66557	86
66558	90
66559	16
66560	261
66561	35
66562	1
66563	0
66564	612
66565	4
66566	152
66567	168
66568	0
66569	1
66570	39
66571	55
66572	108
66573	122
66574	88
66575	0
66576	1
66577	10
66578	35
66579	1
66580	81
66581	95
66582	0
66583	2
66584	0
66585	199
66586	263
66587	504
66588	96
66589	6
66590	225
66591	164
66592	16
66593	35
66594	190
66595	10
66596	26
66597	4
66598	4
66599	278
66600	72
66601	13
66602	30
66603	51
66604	136
66605	26
66606	0
66607	218
66608	121
66609	3
66610	0
66611	0
66612	266
66613	217
66614	294
66615	370
66616	232
66617	0
66618	258
66619	18
66620	53
66621	123
66622	30
66623	23
66624	0
66625	57
66626	14
66627	2
66628	0
66629	1
66630	0
66631	215
66632	2
66633	72
66634	82
66635	148
66636	74
66637	171
66638	407
66639	405
66640	364
66641	439
66642	627
66643	0
66644	0
66645	20
66646	4
66647	37
66648	58
66649	72
66650	0
66651	188
66652	571
66653	0
66654	0
66655	0
66656	38
66657	337
66658	288
66659	197
66660	0
66661	7
66662	216
66663	0
66664	99
66665	0
66666	50
66667	4
66668	20
66669	301
66670	10
66671	194
66672	220
66673	0
66674	104
66675	4
66676	96
66677	0
66678	0
66679	31
66680	4
66681	316
66682	81
66683	24
66684	35
66685	236
66686	0
66687	0
66688	124
66689	65
66690	434
66691	11
66692	142
66693	14
66694	263
66695	86
66696	8
66697	188
66698	0
66699	243
66700	194
66701	101
66702	77
66703	222
66704	0
66705	24
66706	40
66707	72
66708	0
66709	230
66710	77
66711	0
66712	23
66713	18
66714	104
66715	0
66716	2
66717	461
66718	0
66719	0
66720	125
66721	425
66722	137
66723	35
66724	320
66725	20
66726	119
66727	326
66728	439
66729	56
66730	14
66731	1
66732	562
66733	127
66734	56
66735	357
66736	257
66737	296
66738	341
66739	61
66740	379
66741	114
66742	150
66743	50
66744	9
66745	4
66746	0
66747	0
66748	236
66749	0
66750	12
66751	54
66752	149
66753	12
66754	11
66755	0
66756	57
66757	183
66758	13
66759	313
66760	0
66761	0
66762	360
66763	424
66764	26
66765	168
66766	196
66767	137
66768	89
66769	1
66770	41
66771	20
66772	194
66773	0
66774	0
66775	7
66776	66
66777	31
66778	170
66779	214
66780	236
66781	0
66782	150
66783	780
66784	0
66785	30
66786	176
66787	10
66788	56
66789	389
66790	413
66791	0
66792	248
66793	26
66794	35
66795	14
66796	86
66797	213
66798	244
66799	0
66800	278
66801	120
66802	4
66803	136
66804	35
66805	4
66806	0
66807	10
66808	0
66809	202
66810	0
66811	270
66812	233
66813	56
66814	0
66815	1
66816	52
66817	330
66818	358
66819	337
66820	0
66821	211
66822	120
66823	0
66824	304
66825	139
66826	74
66827	1
66828	455
66829	0
66830	53
66831	133
66832	1
66833	35
66834	7
66835	20
66836	449
66837	152
66838	564
66839	86
66840	0
66841	84
66842	6
66843	20
66844	17
66845	59
66846	185
66847	145
66848	0
66849	1
66850	130
66851	35
66852	289
66853	0
66854	43
66855	1
66856	30
66857	304
66858	26
66859	12
66860	86
66861	188
66862	11
66863	160
66864	13
66865	0
66866	0
66867	67
66868	195
66869	134
66870	2
66871	562
66872	97
66873	274
66874	227
66875	0
66876	183
66877	1
66878	0
66879	273
66880	403
66881	449
66882	113
66883	367
66884	32
66885	0
66886	0
66887	0
66888	1
66889	0
66890	359
66891	94
66892	403
66893	35
66894	308
66895	14
66896	163
66897	209
66898	41
66899	8
66900	4
66901	15
66902	0
66903	33
66904	2
66905	0
66906	0
66907	47
66908	395
66909	263
66910	256
66911	1
66912	402
66913	623
66914	539
66915	149
66916	6
66917	0
66918	3
66919	198
66920	86
66921	0
66922	184
66923	44
66924	327
66925	264
66926	11
66927	0
66928	295
66929	2
66930	206
66931	7
66932	0
66933	0
66934	77
66935	23
66936	203
66937	155
66938	138
66939	2
66940	0
66941	120
66942	20
66943	0
66944	315
66945	20
66946	4
66947	0
66948	140
66949	62
66950	15
66951	1
66952	37
66953	291
66954	403
66955	0
66956	163
66957	4
66958	1
66959	359
66960	6
66961	481
66962	338
66963	26
66964	56
66965	122
66966	681
66967	417
66968	6
66969	0
66970	0
66971	0
66972	35
66973	11
66974	367
66975	268
66976	267
66977	28
66978	1
66979	12
66980	346
66981	1
66982	353
66983	384
66984	23
66985	0
66986	0
66987	20
66988	56
66989	199
66990	279
66991	8
66992	96
66993	82
66994	105
66995	337
66996	35
66997	174
66998	10
66999	0
67000	215
67001	53
67002	24
67003	10
67004	31
67005	20
67006	75
67007	10
67008	36
67009	108
67010	103
67011	208
67012	29
67013	34
67014	203
67015	180
67016	1
67017	0
67018	213
67019	111
67020	29
67021	0
67022	10
67023	95
67024	37
67025	8
67026	59
67027	7
67028	160
67029	137
67030	195
67031	1
67032	143
67033	0
67034	53
67035	70
67036	12
67037	286
67038	0
67039	228
67040	24
67041	0
67042	354
67043	100
67044	41
67045	0
67046	10
67047	12
67048	1
67049	50
67050	152
67051	3
67052	10
67053	324
67054	184
67055	1
67056	49
67057	45
67058	162
67059	6
67060	125
67061	34
67062	1
67063	35
67064	0
67065	3
67066	13
67067	0
67068	178
67069	1
67070	317
67071	264
67072	17
67073	24
67074	206
67075	4
67076	0
67077	1
67078	1
67079	73
67080	184
67081	0
67082	168
67083	263
67084	1
67085	97
67086	20
67087	10
67088	83
67089	149
67090	253
67091	239
67092	0
67093	169
67094	12
67095	0
67096	99
67097	65
67098	48
67099	58
67100	82
67101	542
67102	375
67103	117
67104	0
67105	10
67106	26
67107	237
67108	164
67109	0
67110	18
67111	199
67112	194
67113	0
67114	208
67115	56
67116	10
67117	0
67118	282
67119	155
67120	1
67121	13
67122	262
67123	128
67124	0
67125	184
67126	82
67127	114
67128	0
67129	14
67130	90
67131	19
67132	0
67133	207
67134	1
67135	75
67136	51
67137	82
67138	157
67139	27
