8793	119
8794	333
8795	61
8796	654
8797	361
8798	10
8799	176
8800	4
8801	0
8802	140
8803	38
8804	20
8805	24
8806	53
8807	22
8808	5
8809	223
8810	0
8811	367
8812	0
8813	82
8814	611
8815	13
8816	153
8817	449
8818	0
8819	2
8820	26
8821	289
8822	470
8823	50
8824	305
8825	0
8826	13
8827	28
8828	248
8829	137
8830	153
8831	77
8832	114
8833	0
8834	55
8835	329
8836	166
8837	210
8838	3
8839	1
8840	145
8841	225
8842	141
8843	118
8844	507
8845	418
8846	327
8847	37
8848	65
8849	3
8850	0
8851	183
8852	37
8853	4
8854	24
8855	74
8856	0
8857	0
8858	4
8859	22
8860	22
8861	19
8862	0
8863	133
8864	184
8865	190
8866	0
8867	35
8868	2
8869	237
8870	20
8871	219
8872	401
8873	197
8874	12
8875	0
8876	0
8877	23
8878	242
8879	16
8880	51
8881	196
8882	184
8883	5
8884	1
8885	200
8886	1
8887	169
8888	0
8889	124
8890	0
8891	74
8892	162
8893	217
8894	14
8895	164
8896	15
8897	35
8898	254
8899	153
8900	276
8901	20
8902	152
8903	4
8904	35
8905	4
8906	262
8907	335
8908	473
8909	0
8910	0
8911	12
8912	22
8913	4
8914	307
8915	0
8916	274
8917	43
8918	7
8919	202
8920	35
8921	0
8922	409
8923	319
8924	296
8925	0
8926	4
8927	10
8928	0
8929	0
8930	0
8931	0
8932	88
8933	168
8934	14
8935	26
8936	119
8937	1
8938	341
8939	208
8940	0
8941	43
8942	6
8943	78
8944	2
8945	51
8946	204
8947	0
8948	0
8949	140
8950	97
8951	146
8952	238
8953	0
8954	20
8955	32
8956	27
8957	18
8958	2
8959	12
8960	63
8961	390
8962	249
8963	305
8964	119
8965	0
8966	0
8967	176
8968	408
8969	13
8970	4
8971	63
8972	0
8973	40
8974	468
8975	364
8976	20
8977	276
8978	345
8979	20
8980	98
8981	26
8982	23
8983	28
8984	399
8985	3
8986	482
8987	0
8988	233
8989	200
8990	137
8991	19
8992	146
8993	354
8994	170
8995	12
8996	1
8997	619
8998	106
8999	314
9000	20
9001	258
9002	89
9003	72
9004	29
9005	102
9006	229
9007	342
9008	225
9009	121
9010	100
9011	0
9012	38
9013	26
9014	418
9015	575
9016	26
9017	42
9018	174
9019	171
9020	181
9021	22
9022	154
9023	495
9024	360
9025	282
9026	0
9027	162
9028	38
9029	76
9030	0
9031	458
9032	410
9033	54
9034	320
9035	216
9036	8
9037	0
9038	127
9039	369
9040	99
9041	0
9042	16
9043	37
9044	1
9045	69
9046	6
9047	216
9048	376
9049	6
9050	4
9051	571
9052	0
9053	41
9054	20
9055	4
9056	115
9057	15
9058	0
9059	161
9060	370
9061	128
9062	4
9063	118
9064	33
9065	111
9066	94
9067	541
9068	102
9069	104
9070	19
9071	210
9072	9
9073	277
9074	356
9075	70
9076	258
9077	0
9078	171
9079	1
9080	0
9081	113
9082	457
9083	241
9084	1
9085	42
9086	13
9087	15
9088	0
9089	147
9090	8
9091	676
9092	416
9093	143
9094	1
9095	10
9096	11
9097	332
9098	209
9099	5
9100	230
9101	106
9102	323
9103	1
9104	119
9105	156
9106	639
9107	98
9108	271
9109	10
9110	0
9111	0
9112	299
9113	1
9114	10
9115	36
9116	6
9117	0
9118	130
9119	45
9120	62
9121	122
9122	146
9123	75
9124	159
9125	44
9126	8
9127	0
9128	6
9129	3
9130	173
9131	35
9132	66
9133	69
9134	0
9135	98
9136	155
9137	301
9138	325
9139	381
9140	284
9141	35
9142	447
9143	288
9144	43
9145	78
9146	20
9147	0
9148	22
9149	55
9150	151
9151	118
9152	195
9153	52
9154	491
9155	6
9156	4
9157	0
9158	9
9159	272
9160	7
9161	112
9162	64
9163	104
9164	113
9165	172
9166	230
9167	0
9168	228
9169	36
9170	298
9171	347
9172	33
9173	0
9174	7
9175	84
9176	268
9177	55
9178	209
9179	206
9180	127
9181	112
9182	29
9183	4
9184	74
9185	2
9186	33
9187	1
9188	0
9189	0
9190	33
9191	0
9192	0
9193	97
9194	368
9195	104
9196	428
9197	445
9198	364
9199	0
9200	16
9201	9
9202	347
9203	451
9204	462
9205	494
9206	54
9207	385
9208	108
9209	56
9210	256
9211	500
9212	35
9213	0
9214	0
9215	0
9216	222
9217	167
9218	26
9219	490
9220	132
9221	56
9222	2
9223	0
9224	2
9225	0
9226	0
9227	281
9228	349
9229	209
9230	0
9231	298
9232	22
9233	398
9234	218
9235	10
9236	168
9237	195
9238	6
9239	337
9240	192
9241	35
9242	0
9243	51
9244	327
9245	300
9246	714
9247	538
9248	211
9249	64
9250	404
9251	346
9252	695
9253	11
9254	19
9255	20
9256	232
9257	128
9258	630
9259	116
9260	294
9261	244
9262	26
9263	3
9264	8
9265	227
9266	249
9267	0
9268	188
9269	2
9270	66
9271	0
9272	0
9273	502
9274	171
9275	0
9276	168
9277	0
9278	0
9279	153
9280	157
9281	38
9282	0
9283	219
9284	122
9285	0
9286	53
9287	10
9288	0
9289	48
9290	2
9291	451
9292	76
9293	0
9294	8
9295	1
9296	11
9297	259
9298	305
9299	220
9300	281
9301	297
9302	370
9303	7
9304	4
9305	787
9306	607
9307	34
9308	92
9309	376
9310	0
9311	0
9312	15
9313	0
9314	413
9315	31
9316	365
9317	63
9318	57
9319	338
9320	147
9321	516
9322	249
9323	330
9324	171
9325	81
9326	17
9327	55
9328	51
9329	0
9330	11
9331	7
9332	498
9333	389
9334	13
9335	122
9336	80
9337	0
9338	122
9339	174
9340	207
9341	357
9342	32
9343	506
9344	429
9345	36
9346	25
9347	321
9348	0
9349	572
9350	131
9351	175
9352	153
9353	214
9354	0
9355	162
