35530	20
35531	0
35532	0
35533	515
35534	142
35535	245
35536	438
35537	74
35538	80
35539	284
35540	172
35541	177
35542	268
35543	212
35544	358
35545	108
35546	91
35547	435
35548	397
35549	40
35550	42
35551	0
35552	10
35553	43
35554	301
35555	10
35556	0
35557	0
35558	0
35559	330
35560	330
35561	506
35562	472
35563	498
35564	201
35565	46
35566	1
35567	13
35568	56
35569	98
35570	5
35571	131
35572	60
35573	0
35574	83
35575	12
35576	425
35577	41
35578	452
35579	1
35580	1
35581	268
35582	120
35583	333
35584	22
35585	0
35586	95
35587	10
35588	478
35589	81
35590	363
35591	10
35592	384
35593	40
35594	1
35595	165
35596	348
35597	50
35598	10
35599	170
35600	59
35601	335
35602	0
35603	464
35604	575
35605	47
35606	133
35607	31
35608	21
35609	35
35610	106
35611	10
35612	4
35613	642
35614	435
35615	492
35616	0
35617	127
35618	345
35619	35
35620	44
35621	45
35622	0
35623	0
35624	105
35625	454
35626	421
35627	288
35628	212
35629	280
35630	109
35631	40
35632	283
35633	584
35634	0
35635	129
35636	248
35637	24
35638	19
35639	0
35640	916
35641	596
35642	80
35643	196
35644	166
35645	340
35646	96
35647	1
35648	25
35649	447
35650	571
35651	4
35652	154
35653	54
35654	66
35655	10
35656	355
35657	318
35658	5
35659	216
35660	324
35661	12
35662	345
35663	194
35664	123
35665	9
35666	266
35667	392
35668	388
35669	358
35670	318
35671	551
35672	329
35673	0
35674	84
35675	850
35676	124
35677	185
35678	167
35679	223
35680	402
35681	249
35682	11
35683	1
35684	25
35685	197
35686	289
35687	34
35688	462
35689	621
35690	97
35691	56
35692	204
35693	409
35694	331
35695	35
35696	10
35697	557
35698	90
35699	0
35700	10
35701	366
35702	188
35703	173
35704	80
35705	336
35706	273
35707	417
35708	375
35709	170
35710	262
35711	20
35712	76
35713	164
35714	78
35715	128
35716	257
35717	495
35718	349
35719	471
35720	64
35721	123
35722	0
35723	0
35724	189
35725	35
35726	12
35727	165
35728	84
35729	0
35730	339
35731	734
35732	254
35733	221
35734	13
35735	527
35736	47
35737	167
35738	55
35739	19
35740	20
35741	458
35742	237
35743	0
35744	268
35745	340
35746	10
35747	362
35748	88
35749	0
35750	2
35751	5
35752	119
35753	116
35754	112
35755	532
35756	169
35757	205
35758	248
35759	219
35760	5
35761	84
35762	36
35763	303
35764	422
35765	93
35766	396
35767	382
35768	361
35769	285
35770	348
35771	475
35772	155
35773	330
35774	2
35775	318
35776	347
35777	71
35778	140
35779	32
35780	413
35781	291
35782	1
35783	10
35784	111
35785	180
35786	109
35787	489
35788	18
35789	665
35790	632
35791	401
35792	580
35793	241
35794	73
35795	53
35796	20
35797	99
35798	0
35799	405
35800	583
35801	316
35802	0
35803	95
35804	119
35805	690
35806	637
35807	711
35808	173
35809	4
35810	257
35811	248
35812	0
35813	213
35814	115
35815	34
35816	0
35817	394
35818	0
35819	347
35820	0
35821	28
35822	235
35823	221
35824	372
35825	2
35826	366
35827	279
35828	355
35829	870
35830	196
35831	10
35832	2
35833	173
35834	542
35835	485
35836	15
35837	1
35838	208
35839	0
35840	349
35841	84
35842	0
35843	211
35844	137
35845	352
35846	10
35847	86
35848	349
35849	0
35850	2
35851	67
35852	165
35853	373
35854	0
35855	13
35856	4
35857	4
35858	203
35859	133
35860	212
35861	1
35862	5
35863	100
35864	1
35865	43
35866	460
35867	0
35868	62
35869	36
35870	20
35871	0
35872	455
35873	461
35874	417
35875	502
35876	78
35877	253
35878	372
35879	127
35880	0
35881	29
35882	229
35883	48
35884	10
35885	150
35886	201
35887	14
35888	331
35889	112
35890	2
35891	373
35892	0
35893	12
35894	650
35895	566
35896	295
35897	35
35898	365
35899	0
35900	1
35901	379
35902	404
35903	366
35904	36
35905	120
35906	297
35907	36
35908	14
35909	433
35910	172
35911	0
35912	155
35913	203
35914	94
35915	391
35916	208
35917	55
35918	218
35919	353
35920	0
35921	2
35922	22
35923	40
35924	91
35925	4
35926	116
35927	213
35928	497
35929	616
35930	323
35931	0
35932	255
35933	517
35934	136
35935	0
35936	20
35937	0
35938	205
35939	234
35940	304
35941	24
35942	95
35943	38
35944	56
35945	13
35946	121
35947	0
35948	57
35949	286
35950	549
35951	765
35952	471
35953	525
35954	178
35955	164
35956	403
35957	583
35958	0
35959	132
35960	388
35961	0
35962	180
35963	1
35964	184
35965	579
35966	266
35967	324
35968	48
35969	78
35970	130
35971	0
35972	10
35973	514
35974	0
35975	314
35976	18
35977	5
35978	482
35979	162
35980	538
35981	174
35982	1
35983	455
35984	81
35985	68
35986	35
35987	526
35988	1
35989	3
35990	497
35991	12
35992	236
35993	4
35994	397
35995	15
35996	86
35997	2
35998	10
35999	256
36000	6
36001	438
36002	379
36003	32
36004	488
36005	58
36006	383
36007	0
36008	113
36009	20
36010	349
36011	0
36012	226
36013	1
36014	37
36015	458
36016	133
36017	213
36018	7
36019	70
36020	348
36021	45
36022	251
36023	28
36024	144
36025	166
36026	84
36027	1
36028	29
36029	190
36030	33
36031	599
36032	247
36033	663
36034	59
36035	4
36036	739
36037	668
36038	133
36039	440
36040	243
36041	200
36042	121
36043	202
36044	105
36045	123
36046	54
36047	62
36048	63
36049	89
36050	105
36051	84
36052	25
36053	0
36054	325
36055	20
36056	253
36057	1
36058	4
36059	331
36060	0
36061	566
36062	675
36063	33
36064	351
36065	71
36066	141
36067	35
36068	337
36069	183
36070	0
36071	35
36072	230
36073	37
36074	54
36075	10
36076	744
36077	347
36078	51
36079	531
36080	77
36081	1
36082	45
36083	20
36084	129
36085	315
36086	35
36087	3
36088	97
36089	0
36090	306
36091	23
36092	14
36093	16
36094	56
36095	453
36096	4
36097	514
36098	517
36099	217
36100	401
36101	289
36102	104
36103	76
36104	323
36105	41
36106	207
36107	58
36108	20
36109	9
36110	351
36111	26
36112	100
36113	144
36114	10
36115	0
36116	291
36117	19
36118	65
36119	31
36120	1
36121	0
36122	92
36123	4
36124	14
36125	0
36126	0
36127	98
36128	41
36129	444
36130	56
36131	35
36132	377
36133	17
36134	0
36135	405
36136	5
36137	236
36138	189
36139	188
36140	134
36141	347
36142	10
36143	20
36144	155
36145	94
36146	380
36147	84
36148	0
36149	386
36150	434
36151	499
36152	572
36153	757
36154	374
36155	549
36156	524
36157	466
36158	66
36159	5
36160	134
36161	106
36162	155
36163	125
36164	0
36165	642
36166	302
36167	1
36168	0
36169	70
36170	10
36171	22
36172	454
36173	200
36174	151
36175	0
36176	247
36177	134
36178	37
36179	56
36180	16
36181	79
36182	2
36183	4
36184	494
36185	177
36186	152
36187	628
36188	15
36189	0
36190	282
36191	50
36192	56
36193	171
36194	161
36195	265
36196	118
36197	147
36198	77
36199	2
36200	35
36201	4
36202	267
36203	167
36204	111
36205	161
36206	81
36207	0
36208	253
36209	8
36210	83
36211	294
36212	20
36213	7
36214	304
36215	0
36216	5
36217	0
36218	59
36219	350
36220	84
36221	345
36222	129
36223	236
36224	69
36225	310
36226	16
36227	262
36228	203
36229	10
36230	6
36231	9
36232	303
36233	213
36234	0
36235	45
36236	134
36237	0
36238	279
36239	20
36240	332
36241	15
36242	363
36243	173
36244	263
36245	184
36246	3
36247	0
36248	20
36249	12
36250	84
36251	17
36252	227
36253	1
36254	90
36255	1
36256	2
36257	97
36258	63
36259	12
36260	303
36261	20
36262	359
36263	4
36264	120
36265	10
36266	337
36267	48
36268	94
36269	484
36270	615
36271	268
36272	186
36273	55
36274	503
36275	1
36276	99
36277	159
36278	249
36279	0
36280	2
36281	175
36282	167
36283	363
