39050	371
39051	71
39052	460
39053	186
39054	327
39055	195
39056	400
39057	259
39058	325
39059	35
39060	409
39061	325
39062	537
39063	716
39064	686
39065	5
39066	381
39067	440
39068	551
39069	667
39070	35
39071	413
39072	322
39073	99
39074	281
39075	485
39076	395
39077	0
39078	475
39079	417
39080	45
39081	84
39082	347
39083	128
39084	215
39085	368
39086	322
39087	366
39088	323
39089	78
39090	293
39091	147
39092	129
39093	83
39094	780
39095	539
39096	115
39097	38
39098	168
39099	369
39100	694
39101	718
39102	350
39103	506
39104	354
39105	551
39106	1
39107	237
39108	573
39109	422
39110	436
39111	354
39112	413
39113	121
39114	157
39115	175
39116	405
39117	456
39118	290
39119	470
39120	323
39121	266
39122	244
39123	262
39124	20
39125	313
39126	488
39127	86
39128	402
39129	32
39130	56
39131	101
39132	159
39133	79
39134	338
39135	385
39136	462
39137	54
39138	437
39139	146
39140	163
39141	81
39142	137
39143	135
39144	330
39145	503
39146	181
39147	33
39148	17
39149	219
39150	143
39151	296
39152	86
39153	109
39154	287
39155	45
39156	565
39157	230
39158	553
39159	328
39160	452
39161	245
39162	4
39163	234
39164	702
39165	12
39166	1
39167	130
39168	415
39169	306
39170	32
39171	169
39172	460
39173	399
39174	286
39175	253
39176	505
39177	337
39178	501
39179	509
39180	515
39181	545
39182	375
39183	361
39184	20
39185	299
39186	253
39187	270
39188	33
39189	75
39190	6
39191	1
39192	214
39193	285
39194	319
39195	151
39196	590
39197	522
39198	454
39199	395
39200	84
39201	21
39202	41
39203	323
39204	130
39205	17
39206	424
39207	393
39208	387
39209	224
39210	544
39211	1
39212	568
39213	122
39214	5
39215	185
39216	483
39217	146
39218	20
39219	434
39220	463
39221	395
39222	84
39223	349
39224	208
39225	226
39226	0
39227	442
39228	200
39229	580
39230	168
39231	246
39232	339
39233	35
39234	395
39235	177
39236	531
39237	432
39238	161
39239	486
39240	167
39241	215
39242	325
39243	522
39244	417
39245	473
39246	385
39247	495
39248	69
39249	383
39250	28
39251	35
39252	190
39253	433
39254	191
39255	10
39256	463
39257	241
39258	77
39259	235
39260	86
39261	262
39262	119
39263	307
39264	193
39265	84
39266	55
39267	159
39268	82
39269	611
39270	51
39271	140
39272	583
39273	86
39274	6
39275	510
39276	268
39277	76
39278	296
39279	318
39280	56
39281	41
39282	386
39283	66
39284	20
39285	433
39286	461
39287	129
39288	63
39289	11
39290	209
39291	220
39292	223
39293	246
39294	478
39295	450
39296	16
39297	82
39298	154
39299	391
39300	52
39301	667
39302	785
39303	617
39304	430
39305	495
39306	395
39307	35
39308	118
39309	244
39310	269
39311	313
39312	140
39313	481
39314	506
39315	462
39316	475
39317	445
39318	51
39319	229
39320	137
39321	173
39322	131
39323	744
39324	738
39325	807
39326	653
39327	462
39328	486
39329	607
39330	407
39331	566
39332	357
39333	279
39334	283
39335	79
39336	50
39337	741
39338	665
39339	410
39340	129
39341	59
39342	674
39343	575
39344	189
39345	166
39346	348
39347	67
39348	802
39349	277
39350	232
39351	455
39352	36
39353	114
39354	172
39355	458
39356	283
39357	213
39358	396
39359	656
39360	583
39361	398
39362	429
39363	527
39364	587
39365	602
39366	457
39367	435
39368	46
39369	63
39370	449
39371	439
39372	338
39373	119
39374	31
39375	0
39376	86
39377	155
39378	113
39379	344
39380	47
39381	216
39382	51
39383	521
39384	10
39385	35
39386	223
39387	504
39388	160
39389	233
39390	10
39391	120
39392	376
39393	509
39394	355
39395	349
39396	0
39397	414
39398	283
39399	141
39400	103
39401	134
39402	56
39403	278
39404	64
39405	138
39406	11
39407	132
39408	58
39409	132
39410	101
39411	44
39412	528
39413	477
39414	437
39415	527
39416	53
39417	138
39418	222
39419	150
39420	483
39421	514
39422	157
39423	269
39424	115
39425	430
39426	439
39427	502
39428	1
39429	389
39430	136
39431	603
39432	469
39433	470
39434	545
39435	120
39436	86
39437	69
39438	363
39439	10
39440	156
39441	122
39442	61
39443	73
39444	462
39445	39
39446	402
39447	406
39448	392
39449	493
39450	281
39451	682
39452	426
39453	580
39454	154
39455	189
39456	58
39457	703
39458	166
39459	93
39460	79
39461	457
39462	95
39463	438
39464	220
39465	9
39466	335
39467	350
39468	20
39469	56
39470	644
39471	485
39472	93
39473	840
39474	833
39475	643
39476	739
39477	668
39478	56
39479	458
39480	10
39481	820
39482	429
39483	84
39484	421
39485	414
39486	5
39487	6
39488	35
39489	0
39490	4
39491	54
39492	511
39493	638
39494	711
39495	815
39496	814
39497	86
39498	22
39499	195
39500	83
39501	537
39502	310
39503	4
39504	216
39505	21
39506	70
39507	400
39508	164
39509	302
39510	534
39511	97
39512	401
39513	183
39514	76
39515	281
39516	35
39517	577
39518	525
39519	632
39520	36
39521	416
39522	26
39523	30
39524	564
39525	179
39526	241
39527	42
39528	30
39529	142
39530	460
39531	129
39532	91
39533	431
39534	122
39535	283
39536	253
39537	395
39538	601
39539	643
39540	369
39541	20
39542	380
39543	462
39544	555
39545	4
39546	216
39547	252
39548	179
39549	401
39550	420
39551	448
39552	4
39553	397
39554	283
39555	344
39556	341
39557	280
39558	138
39559	134
39560	143
39561	481
39562	352
39563	304
39564	86
39565	297
39566	342
39567	281
39568	630
39569	343
39570	176
39571	23
39572	426
39573	418
39574	329
39575	529
39576	433
39577	512
39578	224
39579	11
39580	294
39581	29
39582	176
39583	4
39584	105
39585	133
39586	56
39587	413
39588	36
39589	84
39590	1
39591	315
39592	104
39593	164
39594	247
39595	627
39596	156
39597	520
39598	26
39599	22
39600	106
39601	275
39602	235
39603	284
39604	86
39605	289
39606	105
39607	713
39608	493
39609	307
39610	409
39611	7
39612	29
39613	316
39614	309
39615	76
39616	400
39617	184
39618	458
39619	211
39620	26
39621	315
39622	340
39623	299
39624	217
39625	61
39626	48
39627	444
39628	609
39629	38
39630	241
39631	152
39632	438
39633	40
39634	133
39635	17
39636	471
39637	338
39638	107
39639	594
39640	297
39641	52
39642	71
39643	137
39644	743
39645	10
39646	244
39647	504
39648	738
39649	859
39650	166
39651	377
39652	291
39653	247
39654	644
39655	231
39656	381
39657	801
39658	23
39659	560
39660	142
39661	191
39662	201
39663	93
39664	300
39665	337
39666	339
39667	128
39668	57
39669	458
39670	416
39671	39
39672	208
39673	130
39674	161
39675	289
39676	71
39677	4
39678	682
39679	697
39680	355
39681	84
39682	181
39683	77
39684	10
39685	413
39686	383
39687	138
39688	449
39689	30
39690	573
39691	561
39692	333
39693	504
39694	121
39695	387
39696	246
39697	447
39698	287
39699	492
39700	20
39701	110
39702	144
39703	18
39704	269
39705	133
39706	648
39707	314
39708	710
39709	364
39710	439
39711	227
39712	151
39713	200
39714	230
39715	71
39716	542
39717	521
39718	328
39719	93
39720	84
39721	153
39722	306
39723	366
39724	214
39725	79
39726	368
39727	56
39728	360
39729	204
39730	2
39731	631
39732	928
39733	21
39734	4
39735	463
39736	339
39737	58
39738	0
39739	366
39740	61
39741	205
39742	416
39743	97
39744	320
39745	432
39746	236
39747	317
39748	303
39749	498
39750	256
39751	253
39752	31
39753	361
39754	91
39755	68
39756	67
39757	126
39758	193
39759	258
39760	222
39761	194
39762	35
39763	10
39764	483
39765	131
39766	515
39767	111
39768	9
39769	498
39770	649
39771	73
39772	35
39773	1
39774	403
39775	114
39776	471
39777	170
39778	294
39779	10
39780	291
39781	274
39782	188
39783	325
39784	59
39785	277
39786	228
39787	386
39788	298
39789	20
39790	410
39791	379
39792	312
39793	432
39794	488
39795	312
39796	84
39797	466
39798	327
39799	295
39800	4
39801	81
39802	22
39803	100
39804	137
39805	324
39806	459
39807	117
39808	177
39809	35
39810	467
39811	595
39812	443
39813	305
39814	253
39815	376
39816	377
39817	17
39818	338
39819	635
39820	185
39821	117
39822	80
39823	379
39824	29
39825	621
39826	215
39827	184
39828	194
39829	509
39830	306
39831	35
39832	571
39833	136
39834	0
39835	155
39836	192
39837	252
39838	457
39839	11
39840	110
39841	304
39842	124
39843	113
39844	337
39845	362
39846	251
39847	173
39848	154
39849	90
39850	169
39851	1
39852	453
39853	367
39854	253
39855	500
39856	410
39857	244
39858	661
39859	794
39860	730
39861	673
39862	396
39863	200
39864	344
39865	56
39866	0
39867	98
39868	520
39869	35
39870	167
39871	271
39872	70
39873	19
39874	219
39875	463
39876	84
39877	22
39878	94
39879	84
39880	179
