55022	7
55023	1
55024	28
55025	67
55026	333
55027	56
55028	58
55029	351
55030	35
55031	243
55032	0
55033	45
55034	27
55035	571
55036	84
55037	172
55038	223
55039	20
55040	35
55041	576
55042	209
55043	235
55044	217
55045	10
55046	47
55047	279
55048	201
55049	4
55050	121
55051	782
55052	702
55053	379
55054	648
55055	161
55056	30
55057	41
55058	227
55059	94
55060	20
55061	86
55062	101
55063	54
55064	12
55065	6
55066	83
55067	89
55068	207
55069	341
55070	82
55071	27
55072	296
55073	0
55074	77
55075	430
55076	20
55077	213
55078	384
55079	260
55080	219
55081	350
55082	0
55083	341
55084	4
55085	147
55086	86
55087	20
55088	321
55089	87
55090	415
55091	167
55092	167
55093	83
55094	387
55095	303
55096	0
55097	209
55098	73
55099	201
55100	195
55101	528
55102	88
55103	69
55104	68
55105	112
55106	382
55107	96
55108	190
55109	86
55110	309
55111	56
55112	361
55113	61
55114	251
55115	82
55116	547
55117	204
55118	35
55119	201
55120	56
55121	20
55122	302
55123	255
55124	183
55125	57
55126	337
55127	26
55128	222
55129	26
55130	593
55131	11
55132	4
55133	601
55134	0
55135	239
55136	72
55137	10
55138	57
55139	151
55140	143
55141	560
55142	169
55143	255
55144	554
55145	516
55146	479
55147	579
55148	676
55149	616
55150	9
55151	0
55152	393
55153	145
55154	189
55155	511
55156	573
55157	159
55158	96
55159	283
55160	84
55161	552
55162	439
55163	156
55164	165
55165	76
55166	187
55167	78
55168	38
55169	6
55170	193
55171	223
55172	20
55173	139
55174	106
55175	39
55176	1
55177	51
55178	188
55179	151
55180	340
55181	152
55182	4
55183	21
55184	39
55185	48
55186	37
55187	30
55188	158
55189	57
55190	86
55191	187
55192	344
55193	145
55194	269
55195	396
55196	12
55197	15
55198	314
55199	190
55200	4
55201	225
55202	307
55203	225
55204	271
55205	87
55206	197
55207	289
55208	39
55209	375
55210	387
55211	378
55212	438
55213	120
55214	507
55215	29
55216	59
55217	117
55218	201
55219	269
55220	84
55221	53
55222	56
55223	20
55224	129
55225	308
55226	173
55227	175
55228	335
55229	52
55230	114
55231	117
55232	431
55233	381
55234	417
55235	110
55236	249
55237	79
55238	63
55239	140
55240	320
55241	319
55242	287
55243	8
55244	431
55245	372
55246	315
55247	487
55248	662
55249	508
55250	596
55251	458
55252	572
55253	365
55254	361
55255	439
55256	393
55257	342
55258	63
55259	316
55260	74
55261	13
55262	232
55263	231
55264	347
55265	191
55266	413
55267	208
55268	189
55269	165
55270	7
55271	84
55272	92
55273	35
55274	4
55275	23
55276	103
55277	206
55278	509
55279	37
55280	11
55281	326
55282	330
55283	1
55284	73
55285	378
55286	229
55287	166
55288	249
55289	519
55290	664
55291	827
55292	113
55293	329
55294	335
55295	136
55296	119
55297	0
55298	76
55299	286
55300	435
55301	324
55302	62
55303	196
55304	47
55305	37
55306	423
55307	181
55308	12
55309	439
55310	688
55311	84
55312	76
55313	199
55314	22
55315	68
55316	59
55317	473
55318	319
55319	427
55320	177
55321	93
55322	176
55323	0
55324	275
55325	92
55326	10
55327	77
55328	315
55329	47
55330	215
55331	550
55332	421
55333	152
55334	4
55335	132
55336	4
55337	40
55338	84
55339	402
55340	10
55341	274
55342	356
55343	24
55344	265
55345	63
55346	157
55347	102
55348	38
55349	3
55350	70
55351	3
55352	87
55353	250
55354	391
55355	65
55356	141
55357	214
55358	138
55359	4
55360	129
55361	235
55362	58
55363	428
55364	142
55365	4
55366	285
55367	155
55368	363
55369	226
55370	207
55371	430
55372	347
55373	0
55374	0
55375	454
55376	80
55377	102
55378	122
55379	247
55380	49
55381	247
55382	0
55383	165
55384	274
55385	274
55386	281
55387	0
55388	7
55389	84
55390	246
55391	296
55392	150
55393	380
55394	261
55395	345
55396	346
55397	89
55398	60
55399	250
55400	284
55401	408
55402	177
55403	192
55404	148
55405	4
55406	99
55407	63
55408	7
55409	231
55410	54
55411	72
55412	331
55413	247
55414	331
55415	101
55416	30
55417	262
55418	632
55419	834
55420	599
55421	754
55422	477
55423	70
55424	304
55425	88
55426	168
55427	77
55428	385
55429	289
55430	137
55431	40
55432	20
55433	84
55434	156
55435	164
55436	247
55437	402
55438	351
55439	230
55440	132
55441	42
55442	10
55443	453
55444	92
55445	0
55446	371
55447	194
55448	119
55449	84
55450	0
55451	725
55452	126
55453	251
55454	0
55455	7
55456	563
55457	10
55458	366
55459	191
55460	300
55461	36
55462	53
55463	202
55464	99
55465	62
55466	497
55467	238
55468	299
55469	108
55470	90
55471	311
55472	340
55473	425
55474	165
55475	134
55476	333
55477	1
55478	147
55479	363
55480	49
55481	95
55482	211
55483	28
55484	102
55485	245
55486	125
55487	266
55488	65
55489	159
55490	35
55491	140
55492	128
55493	212
55494	56
55495	131
55496	67
55497	110
55498	74
55499	1
55500	283
55501	205
55502	175
55503	411
55504	102
55505	185
55506	478
55507	132
55508	120
55509	303
55510	57
55511	112
55512	158
55513	207
55514	311
55515	364
55516	266
55517	211
55518	464
55519	266
55520	160
55521	500
55522	383
55523	100
55524	56
55525	21
55526	262
55527	431
55528	378
55529	434
55530	323
55531	215
55532	512
55533	587
55534	474
55535	395
55536	201
55537	333
55538	398
55539	252
55540	447
55541	461
55542	217
55543	365
55544	102
55545	81
55546	139
55547	79
55548	490
55549	623
55550	6
55551	143
55552	277
55553	283
55554	5
55555	4
55556	497
55557	156
55558	58
55559	10
55560	325
55561	548
55562	169
55563	304
55564	159
55565	4
55566	87
55567	283
55568	20
55569	77
55570	246
55571	469
55572	20
55573	58
55574	10
55575	6
55576	99
55577	266
55578	179
55579	639
55580	327
55581	381
55582	102
55583	303
55584	84
55585	113
55586	65
55587	164
55588	305
55589	130
55590	35
55591	145
55592	318
55593	86
55594	398
55595	319
55596	331
55597	175
55598	322
55599	119
55600	112
55601	384
55602	174
55603	168
55604	188
55605	233
55606	22
55607	21
55608	166
55609	122
55610	41
55611	306
55612	439
55613	335
55614	10
55615	392
55616	330
55617	58
55618	101
55619	0
55620	65
55621	113
55622	142
55623	78
55624	184
55625	294
55626	124
55627	329
55628	21
55629	309
55630	160
55631	162
55632	46
55633	60
55634	171
55635	94
55636	37
55637	112
55638	642
55639	229
55640	206
55641	112
55642	595
55643	575
55644	337
55645	360
55646	84
55647	104
55648	255
55649	305
55650	58
55651	225
55652	20
55653	359
55654	320
55655	58
55656	20
55657	84
55658	86
55659	328
55660	56
55661	21
55662	22
55663	143
55664	23
55665	613
55666	112
55667	363
55668	399
55669	350
55670	338
55671	121
55672	151
55673	35
55674	40
55675	112
55676	45
55677	326
55678	373
55679	98
55680	26
55681	196
55682	347
55683	48
55684	74
55685	151
55686	52
55687	485
55688	160
55689	340
55690	238
55691	67
55692	260
55693	210
55694	2
55695	141
55696	87
55697	10
55698	168
55699	531
55700	500
55701	466
55702	139
55703	330
55704	67
55705	395
55706	84
55707	303
55708	402
55709	179
55710	343
55711	310
55712	114
55713	237
55714	364
55715	130
55716	76
55717	470
55718	377
55719	205
55720	46
55721	4
55722	260
55723	330
55724	163
55725	7
55726	120
55727	56
55728	569
55729	25
55730	416
55731	84
55732	193
55733	142
55734	226
55735	464
55736	132
55737	130
55738	290
55739	420
55740	56
55741	361
55742	459
55743	20
55744	34
55745	16
55746	383
55747	0
55748	241
55749	376
55750	640
55751	644
55752	526
55753	406
55754	202
55755	409
55756	543
55757	557
55758	101
55759	56
55760	98
55761	150
55762	82
55763	162
55764	238
55765	50
55766	222
55767	355
55768	430
55769	144
55770	77
55771	328
55772	133
55773	174
55774	11
55775	315
55776	72
55777	236
55778	34
55779	295
55780	10
55781	183
55782	49
55783	28
55784	93
55785	203
55786	182
55787	460
55788	466
55789	250
55790	70
55791	269
55792	209
55793	162
55794	187
55795	165
55796	320
55797	329
55798	178
55799	803
55800	311
55801	20
55802	177
55803	56
55804	133
55805	317
55806	412
55807	20
55808	193
55809	237
55810	82
55811	33
55812	470
55813	165
55814	36
55815	365
55816	84
55817	263
55818	309
55819	43
55820	147
55821	475
55822	141
55823	431
55824	21
55825	115
55826	100
55827	319
55828	192
55829	248
55830	133
55831	0
55832	369
55833	4
55834	58
55835	84
55836	25
55837	494
55838	579
55839	485
55840	55
55841	151
55842	83
55843	56
55844	4
55845	550
55846	432
55847	20
55848	35
55849	104
55850	86
55851	77
55852	456
55853	368
55854	321
55855	356
55856	284
55857	201
55858	238
55859	421
55860	321
55861	328
55862	229
55863	5
55864	232
55865	133
55866	464
55867	392
55868	395
55869	239
55870	35
55871	119
55872	50
55873	152
55874	170
55875	1
55876	0
55877	320
55878	486
55879	35
55880	215
55881	184
55882	265
55883	70
55884	314
55885	6
55886	0
55887	23
55888	467
55889	452
55890	406
55891	175
55892	229
55893	151
55894	86
55895	563
55896	364
55897	149
55898	483
55899	193
55900	39
55901	82
55902	0
55903	10
55904	60
55905	189
55906	44
55907	335
55908	47
55909	45
55910	156
55911	314
55912	88
55913	137
55914	289
55915	86
55916	115
55917	58
55918	68
55919	242
55920	175
55921	118
55922	57
55923	459
55924	163
55925	56
55926	20
55927	358
55928	132
55929	12
55930	43
55931	50
55932	26
55933	50
55934	301
55935	20
55936	426
55937	178
55938	42
55939	127
55940	120
55941	10
55942	219
55943	303
55944	239
55945	20
55946	403
55947	115
55948	251
55949	306
55950	48
55951	378
55952	532
55953	10
55954	477
55955	21
55956	149
55957	275
55958	182
55959	206
55960	36
55961	65
55962	417
55963	251
55964	51
55965	336
55966	560
55967	363
55968	635
55969	488
55970	193
55971	185
55972	4
55973	389
55974	21
55975	291
55976	135
55977	628
55978	68
55979	421
55980	364
55981	475
55982	57
55983	331
55984	59
55985	435
55986	175
55987	294
55988	407
55989	141
55990	35
55991	205
55992	259
55993	481
55994	372
55995	181
55996	0
55997	385
55998	503
55999	366
56000	20
56001	205
56002	84
56003	52
56004	0
56005	417
56006	85
56007	325
56008	5
56009	256
56010	168
56011	113
56012	119
56013	10
56014	16
56015	35
56016	56
56017	246
56018	35
56019	30
56020	130
56021	199
56022	37
56023	233
56024	47
56025	0
56026	243
56027	46
56028	352
56029	369
56030	359
56031	175
56032	292
56033	35
56034	602
56035	13
56036	513
56037	248
56038	47
56039	162
56040	12
56041	523
56042	134
56043	35
56044	581
56045	113
56046	58
56047	192
56048	176
56049	246
56050	57
56051	138
56052	11
56053	26
56054	20
56055	46
56056	117
56057	0
56058	313
56059	299
56060	69
56061	484
56062	668
56063	419
56064	125
56065	156
56066	35
56067	244
56068	0
56069	96
56070	200
56071	107
56072	283
56073	184
56074	314
56075	127
56076	74
56077	72
56078	329
56079	207
56080	168
56081	98
56082	226
56083	49
56084	338
56085	605
56086	445
56087	88
56088	0
56089	577
56090	339
56091	165
56092	84
56093	322
56094	111
56095	35
56096	277
56097	10
56098	230
56099	255
56100	404
56101	81
56102	100
56103	32
56104	504
56105	94
56106	141
56107	41
56108	143
56109	377
56110	590
56111	56
56112	4
56113	129
56114	194
56115	133
56116	192
56117	284
56118	20
56119	40
56120	94
56121	339
56122	204
56123	19
56124	157
56125	37
56126	210
56127	120
56128	468
56129	553
56130	609
56131	274
56132	90
56133	188
56134	58
56135	366
56136	313
56137	406
56138	280
56139	11
56140	274
56141	394
56142	339
56143	4
56144	335
56145	106
56146	180
56147	66
56148	534
56149	151
56150	0
56151	368
56152	413
56153	46
56154	22
56155	352
56156	35
56157	168
56158	374
56159	26
56160	33
56161	209
56162	49
56163	329
56164	538
56165	490
56166	765
56167	754
56168	212
56169	576
56170	279
56171	84
56172	160
56173	162
56174	194
56175	287
56176	211
56177	178
56178	428
56179	482
56180	338
56181	211
56182	0
56183	459
56184	432
56185	256
56186	392
56187	228
56188	310
56189	88
56190	327
56191	194
56192	0
56193	95
56194	339
56195	295
56196	483
56197	404
56198	56
56199	35
56200	217
56201	397
56202	14
56203	361
56204	600
56205	180
56206	10
56207	59
56208	376
56209	126
56210	177
56211	178
56212	190
56213	245
56214	286
56215	27
56216	89
56217	347
56218	345
56219	608
56220	1
56221	260
56222	279
56223	371
56224	405
56225	494
56226	398
56227	56
56228	35
56229	421
56230	10
56231	353
56232	256
56233	99
56234	208
56235	35
56236	402
56237	320
56238	129
56239	24
56240	142
56241	78
56242	35
56243	177
56244	5
56245	102
56246	314
56247	344
56248	149
56249	11
56250	1
56251	146
56252	186
56253	80
56254	401
56255	0
56256	595
56257	422
56258	444
56259	458
56260	153
56261	52
56262	161
56263	38
56264	52
56265	547
56266	620
56267	525
56268	653
56269	486
56270	137
56271	0
56272	80
56273	347
56274	373
56275	197
56276	95
56277	184
56278	336
56279	10
56280	424
56281	270
56282	101
56283	82
56284	603
56285	49
56286	449
56287	20
56288	54
56289	39
56290	106
56291	210
56292	140
56293	163
56294	8
56295	239
56296	35
56297	501
56298	99
56299	194
56300	69
56301	342
56302	260
56303	224
56304	88
56305	298
56306	72
56307	64
56308	194
56309	70
56310	122
56311	91
56312	59
56313	230
56314	304
56315	292
56316	158
56317	199
56318	314
56319	14
56320	133
56321	408
56322	426
56323	410
56324	372
56325	472
56326	72
56327	382
56328	330
56329	159
56330	93
56331	57
56332	56
56333	246
56334	501
56335	559
56336	35
56337	126
56338	47
56339	139
56340	55
56341	376
56342	249
56343	302
56344	20
56345	208
56346	236
56347	56
56348	34
56349	120
56350	244
56351	187
56352	4
56353	39
56354	10
56355	10
56356	361
56357	36
56358	2
56359	228
56360	496
56361	497
56362	373
56363	35
56364	86
56365	25
56366	10
56367	127
56368	41
56369	332
56370	307
56371	373
56372	362
56373	367
56374	0
56375	187
56376	252
56377	229
56378	633
56379	198
56380	161
56381	85
56382	76
56383	231
56384	82
56385	4
56386	0
56387	625
56388	157
56389	592
56390	739
56391	519
56392	20
56393	206
56394	236
56395	355
56396	120
56397	295
56398	300
56399	381
56400	470
56401	204
56402	35
56403	104
56404	87
56405	99
56406	351
56407	316
56408	256
56409	249
56410	84
56411	157
56412	58
56413	211
56414	143
56415	362
56416	567
56417	432
56418	0
56419	268
56420	249
56421	369
56422	204
56423	56
56424	84
56425	61
56426	163
56427	11
56428	319
56429	134
56430	145
56431	19
56432	10
56433	220
56434	10
56435	20
56436	237
56437	154
56438	222
56439	120
56440	391
56441	111
56442	302
56443	294
56444	251
56445	142
56446	205
56447	154
56448	161
56449	347
56450	431
56451	340
56452	0
56453	209
56454	440
56455	217
56456	71
56457	446
56458	289
56459	110
56460	20
56461	4
56462	256
56463	348
56464	430
56465	349
56466	418
56467	56
56468	177
56469	84
56470	38
56471	440
56472	413
56473	475
56474	582
56475	643
56476	20
56477	7
56478	251
56479	345
56480	264
56481	155
56482	470
56483	55
56484	462
56485	419
56486	200
56487	132
56488	215
56489	15
56490	56
56491	56
56492	195
56493	34
56494	634
56495	388
56496	631
56497	225
56498	356
56499	367
56500	461
56501	300
56502	432
56503	439
56504	160
56505	315
56506	242
56507	142
56508	472
56509	492
56510	62
56511	2
56512	417
56513	84
56514	35
56515	543
56516	106
56517	155
56518	262
56519	605
56520	6
56521	393
56522	431
56523	364
56524	492
56525	320
56526	35
56527	445
56528	320
56529	60
56530	1
56531	24
56532	367
56533	165
56534	303
56535	130
56536	47
56537	184
56538	249
56539	279
56540	1
56541	553
56542	15
56543	39
56544	58
56545	84
56546	52
56547	228
56548	100
56549	36
56550	152
56551	258
56552	483
56553	422
56554	447
56555	415
56556	386
56557	123
56558	242
56559	255
56560	10
56561	87
56562	24
56563	36
56564	68
56565	92
56566	84
56567	313
56568	215
56569	218
56570	333
56571	320
56572	238
56573	50
56574	167
56575	10
56576	342
56577	338
56578	339
56579	397
56580	121
56581	73
56582	156
56583	10
56584	74
56585	516
56586	367
56587	127
56588	4
56589	12
56590	385
56591	304
56592	163
56593	205
56594	356
56595	123
56596	137
56597	11
56598	108
56599	4
56600	223
56601	101
56602	620
56603	10
56604	315
56605	488
56606	497
56607	22
56608	84
56609	133
56610	347
56611	7
56612	205
56613	110
56614	482
56615	387
56616	227
56617	10
56618	528
56619	108
56620	254
56621	237
56622	356
56623	35
56624	131
56625	37
56626	10
56627	233
56628	519
56629	97
56630	151
56631	286
56632	103
56633	87
56634	191
56635	194
56636	246
56637	35
56638	274
56639	12
56640	132
56641	10
56642	118
56643	223
56644	261
56645	10
56646	20
56647	366
56648	325
56649	350
56650	237
56651	15
56652	321
56653	456
56654	50
56655	21
56656	0
56657	315
56658	173
56659	66
56660	28
56661	445
56662	523
56663	495
56664	76
56665	336
56666	395
56667	469
56668	1
56669	103
56670	111
56671	178
56672	259
56673	16
56674	10
56675	33
56676	364
56677	219
56678	269
56679	565
56680	442
56681	311
56682	254
56683	443
56684	416
56685	929
56686	164
56687	10
56688	0
56689	4
56690	245
56691	300
56692	40
56693	27
56694	197
56695	210
56696	56
56697	227
56698	112
56699	35
56700	1
56701	42
56702	175
56703	35
56704	20
56705	132
56706	398
56707	574
56708	348
56709	128
56710	4
56711	393
56712	56
56713	487
56714	10
56715	58
56716	316
56717	297
56718	405
56719	182
56720	6
56721	491
56722	707
56723	305
56724	497
56725	258
56726	115
56727	0
56728	345
56729	156
56730	144
56731	463
56732	280
56733	366
56734	133
56735	471
56736	257
56737	10
56738	231
56739	266
56740	10
56741	223
56742	432
56743	380
56744	11
56745	43
56746	303
56747	270
56748	95
56749	447
56750	4
56751	137
56752	279
56753	343
56754	214
56755	107
56756	167
56757	83
56758	170
56759	138
56760	127
56761	299
56762	4
56763	166
56764	429
56765	128
56766	86
56767	21
56768	166
56769	119
56770	318
56771	234
56772	120
56773	36
56774	77
56775	172
56776	97
56777	256
56778	227
56779	165
56780	84
56781	128
56782	120
56783	121
56784	292
56785	66
56786	4
56787	195
56788	131
56789	56
56790	322
56791	121
56792	300
56793	418
56794	232
56795	195
56796	4
56797	123
56798	134
56799	56
56800	84
56801	300
56802	116
56803	337
56804	328
56805	372
56806	557
56807	6
56808	313
56809	279
56810	62
56811	478
56812	217
56813	102
56814	47
56815	267
56816	216
56817	288
56818	45
56819	686
56820	292
56821	155
56822	4
56823	37
56824	210
56825	34
56826	359
56827	12
56828	306
56829	74
56830	111
56831	68
56832	314
56833	0
56834	204
56835	133
56836	131
56837	4
56838	357
56839	385
56840	376
56841	58
56842	10
56843	136
56844	253
56845	178
56846	69
56847	146
56848	123
56849	36
56850	166
56851	212
56852	457
56853	541
56854	80
56855	208
56856	125
56857	849
56858	86
56859	81
56860	63
56861	86
56862	136
56863	299
56864	11
56865	210
56866	259
56867	1
56868	349
56869	15
56870	20
56871	28
56872	20
56873	498
56874	84
56875	217
56876	295
56877	181
56878	123
56879	177
56880	242
56881	13
56882	127
56883	62
56884	234
56885	76
56886	223
56887	14
56888	51
56889	143
56890	58
56891	20
56892	241
56893	256
56894	20
56895	32
56896	373
56897	265
56898	336
56899	35
56900	23
56901	446
56902	469
56903	547
56904	288
56905	10
56906	60
56907	118
56908	73
56909	133
56910	357
56911	469
56912	275
56913	346
56914	345
56915	257
56916	14
56917	56
56918	100
56919	28
56920	379
56921	138
56922	336
56923	102
56924	465
56925	446
56926	391
56927	419
56928	204
56929	84
56930	493
56931	463
56932	21
56933	414
56934	495
56935	226
56936	247
56937	23
56938	291
56939	418
56940	222
56941	299
56942	100
56943	294
56944	716
56945	348
56946	12
56947	22
56948	746
56949	641
56950	474
56951	30
56952	570
56953	4
56954	96
56955	21
56956	2
56957	26
56958	220
56959	201
56960	35
56961	161
56962	173
56963	133
56964	0
56965	204
56966	58
56967	335
56968	133
56969	58
56970	245
56971	263
56972	302
56973	23
56974	465
56975	26
56976	165
56977	413
56978	169
56979	388
56980	180
56981	20
56982	175
56983	223
56984	100
56985	233
56986	100
56987	82
56988	45
56989	49
56990	260
56991	299
56992	56
56993	245
56994	148
56995	433
56996	125
56997	209
56998	353
56999	192
57000	269
57001	166
57002	4
57003	257
57004	29
57005	334
57006	232
57007	99
57008	382
57009	46
57010	71
57011	110
57012	266
57013	77
57014	430
57015	105
57016	303
57017	179
57018	102
57019	350
57020	322
57021	284
57022	38
57023	297
57024	84
57025	57
57026	39
57027	371
57028	331
57029	216
57030	275
57031	165
57032	308
57033	302
57034	60
57035	76
57036	401
57037	605
57038	471
57039	271
57040	85
57041	10
57042	56
57043	151
57044	252
57045	24
57046	248
57047	206
57048	97
57049	302
57050	550
57051	439
57052	57
57053	79
57054	448
57055	492
57056	73
57057	201
57058	162
57059	291
57060	417
57061	58
57062	129
57063	31
57064	105
57065	84
57066	84
57067	35
57068	208
57069	18
57070	292
57071	486
57072	131
57073	93
57074	528
57075	391
57076	554
57077	37
57078	262
57079	35
57080	262
57081	349
57082	124
57083	131
57084	306
57085	156
57086	391
57087	181
57088	272
57089	47
57090	144
57091	252
57092	84
57093	332
57094	390
57095	771
57096	89
57097	294
57098	56
57099	24
57100	25
57101	238
57102	320
57103	266
57104	25
57105	10
57106	352
57107	84
57108	37
57109	310
57110	60
57111	66
57112	203
57113	18
57114	62
57115	291
57116	572
57117	43
57118	110
57119	181
57120	313
57121	38
57122	51
57123	10
57124	0
57125	281
57126	82
57127	217
57128	269
57129	199
57130	53
57131	186
57132	81
57133	206
57134	181
57135	132
57136	45
57137	287
57138	265
57139	393
57140	97
57141	188
57142	525
57143	73
57144	80
57145	79
57146	629
57147	56
57148	350
57149	941
57150	112
57151	311
57152	74
57153	271
57154	542
57155	485
57156	280
57157	325
57158	330
57159	20
57160	162
57161	58
57162	464
57163	56
57164	209
57165	81
57166	20
57167	10
57168	35
57169	56
57170	244
57171	151
57172	11
57173	313
57174	261
57175	337
57176	1
57177	127
57178	5
57179	490
57180	8
57181	94
57182	174
57183	83
57184	286
57185	6
57186	168
57187	21
57188	184
57189	339
57190	299
57191	427
57192	30
57193	45
57194	64
57195	83
57196	240
57197	311
57198	157
57199	346
57200	35
57201	381
57202	241
57203	4
57204	20
57205	261
57206	77
57207	365
57208	0
57209	149
57210	152
57211	322
57212	192
57213	84
57214	443
57215	378
57216	562
57217	315
57218	447
57219	226
57220	36
57221	56
57222	237
57223	333
57224	56
57225	265
57226	135
57227	372
57228	165
57229	60
57230	388
57231	418
57232	525
57233	10
57234	21
57235	0
57236	485
57237	308
57238	390
57239	67
57240	1
57241	230
