27258	285
27259	544
27260	33
27261	552
27262	360
27263	107
27264	432
27265	19
27266	116
27267	442
27268	93
27269	36
27270	35
27271	171
27272	4
27273	6
27274	6
27275	305
27276	383
27277	47
27278	10
27279	211
27280	35
27281	550
27282	5
27283	383
27284	360
27285	284
27286	0
27287	33
27288	369
27289	280
27290	36
27291	4
27292	295
27293	608
27294	779
27295	391
27296	409
27297	36
27298	2
27299	1
27300	346
27301	385
27302	343
27303	11
27304	169
27305	118
27306	131
27307	25
27308	0
27309	745
27310	60
27311	82
27312	386
27313	0
27314	467
27315	53
27316	10
27317	676
27318	29
27319	417
27320	325
27321	10
27322	49
27323	316
27324	0
27325	410
27326	354
27327	327
27328	8
27329	374
27330	4
27331	1
27332	10
27333	614
27334	37
27335	168
27336	0
27337	1
27338	64
27339	249
27340	353
27341	4
27342	0
27343	0
27344	171
27345	49
27346	453
27347	2
27348	2
27349	500
27350	405
27351	14
27352	134
27353	74
27354	1
27355	100
27356	4
27357	52
27358	283
27359	91
27360	471
27361	214
27362	10
27363	321
27364	460
27365	0
27366	443
27367	337
27368	0
27369	92
27370	245
27371	709
27372	0
27373	57
27374	35
27375	438
27376	287
27377	4
27378	344
27379	446
27380	379
27381	414
27382	0
27383	10
27384	32
27385	11
27386	0
27387	192
27388	564
27389	0
27390	0
27391	270
27392	67
27393	150
27394	43
27395	0
27396	200
27397	25
27398	10
27399	213
27400	352
27401	48
27402	84
27403	579
27404	69
27405	0
27406	322
27407	0
27408	10
27409	102
27410	86
27411	6
27412	531
27413	0
27414	418
27415	20
27416	11
27417	21
27418	109
27419	265
27420	45
27421	0
27422	274
27423	0
27424	0
27425	826
27426	318
27427	40
27428	315
27429	29
27430	175
27431	194
27432	245
27433	37
27434	0
27435	115
27436	0
27437	0
27438	498
27439	20
27440	625
27441	392
27442	11
27443	1
27444	65
27445	427
27446	10
27447	111
27448	397
27449	35
27450	171
27451	507
27452	411
27453	590
27454	7
27455	14
27456	20
27457	419
27458	152
27459	101
27460	504
27461	330
27462	326
27463	411
27464	4
27465	0
27466	228
27467	28
27468	10
27469	447
27470	173
27471	0
27472	680
27473	485
27474	150
27475	21
27476	0
27477	320
27478	8
27479	284
27480	31
27481	1
27482	7
27483	426
27484	37
27485	7
27486	582
27487	258
27488	63
27489	124
27490	252
27491	285
27492	202
27493	10
27494	169
27495	258
27496	167
27497	199
27498	15
27499	0
27500	0
27501	528
27502	2
27503	0
27504	0
27505	490
27506	438
27507	524
27508	200
27509	333
27510	1
27511	256
27512	190
27513	57
27514	0
27515	276
27516	49
27517	56
27518	0
27519	191
27520	0
27521	20
27522	10
27523	615
27524	196
27525	226
27526	23
27527	6
27528	243
27529	461
27530	20
27531	9
27532	522
27533	158
27534	11
27535	10
27536	44
27537	0
27538	538
27539	220
27540	21
27541	30
27542	34
27543	297
27544	57
27545	128
27546	45
27547	121
27548	143
27549	91
27550	160
27551	118
27552	538
27553	247
27554	21
27555	343
27556	0
27557	39
27558	625
27559	537
27560	0
27561	5
27562	83
27563	343
27564	362
27565	443
27566	2
27567	39
27568	120
27569	458
27570	249
27571	35
27572	535
27573	767
27574	73
27575	5
27576	0
27577	0
27578	27
27579	476
27580	436
27581	0
27582	455
27583	1
27584	158
27585	466
27586	66
27587	127
27588	333
27589	211
27590	0
27591	158
27592	323
27593	194
27594	241
27595	179
27596	18
27597	1
27598	1
27599	568
27600	155
27601	654
27602	266
27603	8
27604	203
27605	283
27606	3
27607	602
27608	287
27609	290
27610	12
27611	186
27612	17
27613	237
27614	0
27615	0
27616	10
27617	22
27618	8
27619	0
27620	426
27621	569
27622	1
27623	92
27624	439
27625	436
27626	0
27627	262
27628	237
27629	264
27630	319
27631	395
27632	87
27633	0
27634	60
27635	477
27636	322
27637	263
27638	30
27639	12
27640	421
27641	57
27642	312
27643	0
27644	5
27645	0
27646	58
27647	0
27648	644
27649	202
27650	380
27651	0
27652	5
27653	219
27654	94
27655	56
27656	598
27657	20
27658	251
27659	75
27660	0
27661	517
27662	6
27663	261
27664	15
27665	53
27666	21
27667	486
27668	92
27669	10
27670	18
27671	58
27672	182
27673	843
27674	606
27675	20
27676	203
27677	23
27678	525
27679	4
27680	348
27681	0
27682	53
27683	12
27684	510
27685	262
27686	98
27687	3
27688	261
27689	16
27690	71
27691	23
27692	0
27693	84
27694	0
27695	424
27696	228
27697	58
27698	357
27699	0
27700	453
27701	2
27702	281
27703	543
27704	314
27705	25
27706	65
27707	608
27708	0
27709	337
27710	26
27711	223
27712	0
27713	46
27714	2
27715	22
27716	51
27717	519
27718	189
27719	0
27720	405
27721	17
27722	903
27723	464
27724	687
27725	62
27726	56
27727	128
27728	235
27729	0
27730	4
27731	406
27732	45
27733	81
27734	19
27735	76
27736	251
27737	344
27738	419
27739	340
27740	244
27741	0
27742	681
27743	365
27744	3
27745	617
27746	430
27747	20
