90342	254
90343	182
90344	84
90345	101
90346	315
90347	48
90348	171
90349	59
90350	226
90351	86
90352	419
90353	488
90354	10
90355	206
90356	217
90357	420
90358	59
90359	133
90360	389
90361	636
90362	737
90363	426
90364	71
90365	226
90366	457
90367	128
90368	198
90369	0
90370	49
90371	38
90372	411
90373	115
90374	145
90375	0
90376	264
90377	2
90378	35
90379	3
90380	378
90381	185
90382	0
90383	34
90384	379
90385	459
90386	0
90387	4
90388	115
90389	217
90390	415
90391	8
90392	1
90393	3
90394	668
90395	173
90396	416
90397	84
90398	98
90399	5
90400	104
90401	438
90402	363
90403	14
90404	465
90405	127
90406	233
90407	16
90408	1
90409	11
90410	153
90411	402
90412	0
90413	0
90414	253
90415	4
90416	85
90417	212
90418	525
90419	129
90420	269
90421	128
90422	434
90423	2
90424	0
90425	303
90426	64
90427	525
90428	170
90429	322
90430	197
90431	320
90432	362
90433	0
90434	111
90435	383
90436	142
90437	127
90438	4
90439	0
90440	10
90441	1
90442	290
90443	48
90444	364
90445	0
90446	111
90447	48
90448	159
90449	392
90450	0
90451	265
90452	234
90453	568
90454	538
90455	469
90456	82
90457	134
90458	10
90459	212
90460	52
90461	357
90462	35
90463	94
90464	499
90465	449
90466	603
90467	163
90468	8
90469	7
90470	435
90471	252
90472	733
90473	200
90474	131
90475	0
90476	20
90477	11
90478	74
90479	213
90480	133
90481	394
90482	449
90483	10
90484	503
90485	439
90486	237
90487	443
90488	193
90489	1
90490	257
90491	514
90492	35
90493	44
90494	42
90495	92
90496	509
90497	391
90498	381
90499	141
90500	100
90501	118
90502	98
90503	70
90504	167
90505	84
90506	168
90507	49
90508	58
90509	2
90510	84
90511	41
90512	91
90513	59
90514	3
90515	164
90516	88
90517	35
90518	10
90519	277
90520	184
90521	229
90522	30
90523	1
90524	309
90525	215
90526	30
90527	1
90528	856
90529	12
90530	348
90531	165
90532	325
90533	238
90534	7
90535	329
90536	247
90537	524
90538	497
90539	473
90540	417
90541	526
90542	22
90543	405
90544	174
90545	255
90546	131
90547	0
90548	194
90549	100
90550	391
90551	24
90552	284
90553	198
90554	6
90555	55
90556	162
90557	156
90558	519
90559	908
90560	20
90561	368
90562	1
90563	3
90564	33
90565	277
90566	376
90567	59
90568	249
90569	434
90570	447
90571	130
90572	77
90573	445
90574	56
90575	266
90576	408
90577	320
90578	50
90579	241
90580	145
90581	205
90582	14
90583	97
90584	418
90585	299
90586	200
90587	271
90588	21
90589	133
90590	306
90591	291
90592	159
90593	89
90594	0
90595	1
90596	252
90597	57
90598	119
90599	1
90600	324
90601	77
90602	50
90603	211
90604	41
90605	569
90606	348
90607	34
90608	42
90609	150
90610	367
90611	37
90612	307
90613	0
90614	38
90615	142
90616	112
90617	0
90618	165
90619	328
90620	38
90621	3
90622	51
90623	72
90624	36
90625	64
90626	305
90627	5
90628	109
90629	245
90630	382
90631	0
90632	324
90633	10
90634	156
90635	39
90636	13
90637	346
90638	2
90639	304
90640	414
90641	226
90642	39
90643	392
90644	601
90645	62
90646	475
90647	4
90648	232
90649	10
90650	4
90651	140
90652	11
90653	489
90654	432
90655	34
90656	35
90657	129
90658	320
90659	310
90660	121
90661	779
90662	537
90663	1
90664	140
90665	195
90666	26
90667	35
90668	307
90669	417
90670	0
90671	259
90672	184
90673	260
90674	6
90675	360
90676	1
90677	35
90678	477
90679	280
90680	447
90681	3
90682	432
90683	733
90684	15
90685	324
90686	138
90687	0
90688	360
90689	8
90690	253
90691	84
90692	1
90693	274
90694	169
90695	279
90696	52
90697	313
90698	487
90699	116
90700	633
90701	191
90702	4
90703	139
90704	404
90705	188
90706	200
90707	1
90708	35
90709	112
90710	803
90711	4
90712	5
90713	458
90714	17
90715	27
90716	321
90717	4
90718	660
90719	710
90720	91
90721	164
90722	276
90723	275
90724	188
90725	261
90726	7
90727	0
90728	500
90729	281
90730	494
90731	222
90732	337
90733	569
90734	718
90735	67
90736	260
90737	1
90738	35
90739	49
90740	1
90741	254
90742	430
90743	301
90744	112
90745	7
90746	348
90747	227
90748	210
90749	228
90750	58
90751	139
90752	0
90753	634
90754	211
90755	35
90756	42
90757	165
90758	252
90759	0
90760	100
90761	11
90762	327
90763	308
90764	1
90765	235
90766	36
90767	4
90768	355
90769	0
90770	266
90771	415
90772	59
90773	124
90774	0
90775	3
90776	295
90777	111
90778	141
90779	3
90780	506
90781	30
90782	56
90783	0
90784	1
90785	34
90786	499
90787	26
90788	94
90789	24
90790	373
90791	0
90792	37
90793	0
90794	305
90795	26
90796	297
90797	252
90798	621
90799	767
90800	52
90801	89
90802	329
90803	226
90804	63
90805	0
90806	339
90807	183
90808	118
90809	207
90810	25
90811	402
90812	89
90813	57
90814	123
90815	329
90816	569
90817	166
90818	244
90819	151
90820	0
90821	64
90822	9
90823	179
90824	10
90825	1
90826	212
90827	71
90828	34
90829	47
90830	157
90831	7
90832	161
90833	0
90834	284
90835	0
90836	284
90837	214
90838	262
90839	371
90840	268
90841	371
90842	620
90843	202
90844	342
90845	628
90846	288
90847	172
90848	35
90849	441
90850	89
90851	10
90852	18
90853	243
90854	445
90855	75
90856	16
90857	188
90858	418
90859	0
90860	177
90861	3
90862	555
90863	174
90864	640
90865	54
90866	201
90867	308
90868	231
90869	224
90870	655
90871	217
90872	10
90873	0
90874	292
90875	682
90876	243
90877	225
90878	161
90879	38
90880	39
90881	384
90882	284
90883	382
90884	54
90885	0
90886	313
90887	605
90888	0
90889	466
90890	375
90891	35
90892	173
90893	0
90894	8
90895	15
90896	109
90897	30
90898	157
90899	3
90900	56
90901	151
90902	0
90903	1
90904	0
90905	52
90906	314
90907	10
90908	0
90909	98
90910	288
90911	553
90912	1
90913	0
90914	3
90915	478
90916	4
90917	385
90918	93
90919	29
90920	10
90921	415
90922	56
90923	116
90924	46
90925	56
90926	0
90927	517
90928	438
90929	4
90930	175
90931	349
90932	241
90933	70
90934	15
90935	0
90936	229
90937	166
90938	432
90939	654
90940	20
90941	320
90942	104
90943	255
90944	487
90945	556
90946	498
90947	392
90948	1
90949	482
90950	53
90951	252
90952	42
90953	0
90954	94
90955	150
90956	402
90957	130
90958	212
90959	45
90960	325
90961	21
90962	293
90963	28
90964	298
90965	540
90966	256
90967	538
90968	509
90969	0
90970	261
90971	201
90972	424
90973	560
90974	255
90975	37
90976	346
90977	22
90978	162
90979	0
90980	612
90981	489
90982	858
90983	0
90984	108
90985	139
90986	75
90987	216
90988	309
90989	759
90990	595
90991	308
90992	4
90993	0
90994	425
90995	11
90996	455
90997	96
90998	240
90999	1
91000	420
91001	179
91002	425
91003	378
91004	99
91005	445
91006	3
91007	25
91008	1
91009	423
91010	362
91011	78
91012	557
91013	22
91014	0
91015	236
91016	491
91017	1
91018	387
91019	606
91020	0
91021	149
91022	332
91023	0
91024	275
91025	332
91026	159
91027	112
91028	163
91029	20
91030	430
91031	46
91032	165
91033	323
91034	35
91035	407
91036	20
91037	5
91038	1
91039	20
91040	0
91041	86
91042	339
91043	33
91044	42
91045	467
91046	127
91047	159
91048	123
91049	272
91050	85
91051	0
91052	470
91053	35
91054	381
91055	334
91056	814
91057	4
91058	80
91059	4
91060	288
91061	689
91062	46
91063	814
91064	150
91065	44
91066	182
91067	1
91068	455
91069	86
91070	242
91071	317
91072	473
91073	211
91074	5
91075	2
91076	352
91077	265
91078	78
91079	172
91080	211
91081	51
91082	167
91083	37
91084	72
