65719	10
65720	762
65721	35
65722	496
65723	523
65724	50
65725	43
65726	14
65727	445
65728	256
65729	376
65730	137
65731	326
65732	407
65733	237
65734	134
65735	238
65736	11
65737	294
65738	8
65739	435
65740	0
65741	177
65742	665
65743	518
65744	20
65745	317
65746	371
65747	691
65748	1
65749	20
65750	83
65751	2
65752	240
65753	88
65754	814
65755	466
65756	2
65757	3
65758	89
65759	501
65760	450
65761	10
65762	446
65763	212
65764	53
65765	61
65766	5
65767	10
65768	859
65769	1
65770	56
65771	32
65772	216
65773	0
65774	180
65775	548
65776	437
65777	164
65778	258
65779	60
65780	20
65781	128
65782	354
65783	729
65784	788
65785	175
65786	477
65787	347
65788	303
65789	302
65790	372
65791	525
65792	859
65793	56
65794	351
65795	73
65796	421
65797	424
65798	532
65799	558
65800	515
65801	323
65802	776
65803	597
65804	0
65805	3
65806	383
65807	301
65808	353
65809	859
65810	505
65811	461
65812	20
65813	488
65814	386
65815	325
65816	452
65817	459
65818	535
65819	429
65820	0
65821	194
65822	176
65823	7
65824	534
65825	691
65826	598
65827	52
65828	35
65829	244
65830	547
65831	465
65832	449
65833	167
65834	699
65835	811
65836	529
65837	593
65838	578
65839	355
65840	68
65841	15
65842	96
65843	126
65844	53
65845	378
65846	664
65847	28
65848	942
65849	356
65850	142
65851	358
65852	534
65853	462
65854	481
65855	435
65856	186
65857	551
65858	318
65859	69
65860	30
65861	61
65862	20
65863	84
65864	196
65865	319
65866	373
65867	383
65868	0
65869	1083
65870	241
65871	208
65872	495
65873	501
65874	302
65875	85
65876	170
65877	998
65878	50
65879	0
65880	436
65881	6
65882	26
65883	575
65884	499
65885	176
65886	10
65887	105
65888	247
65889	506
65890	576
65891	88
65892	792
65893	624
65894	506
65895	400
65896	586
65897	508
65898	530
65899	311
65900	4
65901	299
65902	434
65903	625
65904	87
65905	64
65906	574
65907	129
65908	0
65909	1
65910	714
65911	715
65912	729
65913	286
65914	353
65915	686
65916	661
65917	658
65918	382
65919	743
65920	29
65921	3
65922	10
65923	21
65924	449
65925	256
65926	439
65927	23
65928	222
65929	559
65930	585
65931	754
65932	699
65933	20
65934	6
65935	22
65936	369
65937	666
65938	397
65939	1
65940	0
65941	489
65942	0
65943	225
65944	257
65945	304
65946	156
65947	348
65948	144
65949	10
65950	494
65951	392
65952	329
65953	391
65954	345
65955	219
65956	107
65957	574
65958	0
65959	142
65960	97
65961	21
65962	589
65963	666
65964	10
65965	0
65966	6
65967	96
65968	376
65969	667
65970	696
65971	684
65972	366
65973	520
65974	246
65975	155
65976	0
65977	155
65978	109
65979	27
65980	99
65981	264
65982	138
65983	313
65984	940
65985	0
65986	311
65987	71
65988	211
65989	120
65990	326
65991	1
65992	0
65993	510
65994	708
65995	784
65996	696
65997	819
65998	30
65999	181
66000	212
66001	205
66002	697
66003	65
66004	291
66005	132
66006	1
66007	12
66008	550
66009	960
66010	98
66011	783
66012	216
66013	535
66014	604
66015	163
66016	445
66017	592
66018	120
66019	74
66020	60
66021	825
66022	621
66023	511
66024	795
66025	673
66026	652
66027	795
66028	7
66029	245
66030	17
66031	135
66032	269
66033	613
66034	0
66035	594
66036	30
66037	313
66038	516
66039	500
66040	393
66041	182
66042	372
66043	45
66044	725
66045	131
66046	401
66047	715
66048	264
66049	289
66050	17
66051	825
66052	158
66053	55
66054	82
66055	148
66056	459
66057	549
66058	4
66059	187
66060	453
66061	85
66062	584
66063	216
66064	0
66065	10
66066	695
66067	12
66068	208
66069	163
66070	98
66071	2
66072	218
66073	448
66074	441
66075	457
66076	295
66077	0
66078	0
66079	290
66080	458
66081	760
66082	27
66083	1
66084	627
66085	402
66086	2
66087	239
66088	693
66089	325
66090	420
66091	309
66092	313
66093	230
66094	439
66095	67
66096	103
66097	113
66098	116
66099	0
66100	510
66101	430
66102	596
66103	269
66104	118
66105	1
66106	354
66107	554
66108	345
66109	592
66110	20
66111	360
66112	2
66113	672
66114	295
66115	313
66116	0
66117	213
66118	149
66119	604
66120	127
66121	434
66122	657
66123	244
66124	164
66125	201
66126	37
66127	567
66128	490
66129	290
66130	363
66131	517
66132	343
66133	486
66134	322
66135	754
66136	626
66137	675
66138	329
66139	524
66140	345
66141	419
66142	0
66143	545
66144	586
66145	311
66146	358
66147	90
66148	96
66149	75
66150	243
66151	0
66152	6
66153	53
66154	219
66155	370
66156	511
66157	113
66158	26
66159	607
66160	537
66161	419
66162	656
66163	82
66164	462
66165	12
66166	463
66167	977
66168	343
66169	20
66170	374
66171	545
66172	322
66173	58
66174	100
66175	189
66176	0
66177	110
66178	315
66179	171
66180	456
66181	881
66182	0
66183	256
66184	66
66185	576
66186	62
66187	413
66188	208
66189	472
66190	99
66191	120
66192	493
66193	512
66194	612
66195	526
66196	420
66197	314
66198	989
66199	904
66200	939
66201	930
66202	685
66203	148
66204	497
66205	559
66206	99
66207	348
66208	675
66209	166
66210	606
66211	313
66212	451
66213	629
66214	36
66215	454
66216	49
66217	475
66218	418
66219	380
66220	355
66221	102
66222	61
66223	498
66224	132
66225	8
66226	542
66227	80
66228	47
66229	393
66230	0
66231	381
66232	7
66233	6
66234	374
66235	183
66236	26
66237	636
66238	502
66239	319
66240	82
66241	348
66242	476
66243	686
66244	1
66245	757
66246	36
66247	286
66248	314
66249	196
66250	754
66251	412
66252	4
66253	799
66254	601
66255	935
66256	21
66257	995
66258	433
66259	301
66260	6
66261	522
66262	35
66263	449
66264	82
66265	10
66266	1044
66267	708
66268	84
66269	412
66270	98
66271	288
66272	144
66273	608
66274	16
66275	79
66276	485
66277	221
66278	546
66279	0
66280	701
66281	123
66282	56
66283	654
66284	0
66285	20
66286	560
66287	408
66288	120
66289	73
66290	0
66291	456
66292	771
66293	485
66294	789
66295	56
66296	31
66297	272
66298	129
66299	282
66300	8
66301	762
66302	883
66303	1
66304	712
66305	181
66306	40
66307	51
66308	505
66309	834
66310	121
66311	4
66312	514
66313	710
66314	565
66315	82
66316	369
66317	10
66318	56
66319	120
66320	221
66321	0
66322	269
66323	648
66324	491
66325	41
66326	460
66327	704
66328	539
66329	63
66330	384
66331	8
66332	39
66333	315
66334	304
66335	206
66336	11
66337	711
66338	86
66339	781
66340	719
66341	196
66342	957
66343	1127
66344	51
66345	23
66346	551
66347	254
66348	290
66349	5
66350	577
66351	70
66352	126
66353	120
66354	286
66355	759
66356	20
66357	0
66358	327
66359	554
66360	28
66361	477
66362	187
66363	378
66364	598
66365	401
66366	75
66367	0
66368	568
66369	10
66370	0
66371	300
66372	384
66373	170
66374	466
66375	1
66376	578
66377	4
66378	28
66379	335
66380	115
66381	413
66382	548
66383	434
66384	433
66385	135
66386	367
66387	165
66388	0
66389	240
66390	129
66391	84
66392	12
66393	132
66394	365
66395	865
66396	953
66397	453
66398	3
66399	92
66400	90
66401	617
66402	678
66403	773
66404	641
66405	539
66406	11
66407	120
66408	524
66409	472
66410	425
66411	716
66412	6
66413	14
66414	550
66415	775
66416	344
66417	84
66418	203
66419	503
66420	195
66421	423
66422	32
66423	360
66424	121
66425	204
66426	85
66427	4
66428	711
66429	639
66430	298
66431	358
66432	26
66433	14
66434	249
66435	826
66436	3
66437	316
66438	657
66439	11
66440	819
66441	693
66442	217
66443	688
66444	764
66445	409
66446	642
66447	35
66448	215
66449	258
66450	376
66451	10
66452	199
66453	724
66454	121
66455	37
66456	615
66457	540
66458	21
66459	252
66460	66
66461	35
66462	33
66463	344
66464	677
66465	280
66466	466
66467	87
66468	951
66469	397
66470	267
66471	389
66472	463
66473	745
66474	588
66475	406
66476	182
66477	70
66478	144
66479	138
66480	85
66481	358
66482	744
66483	10
66484	85
66485	340
66486	323
66487	72
66488	82
66489	346
66490	108
66491	770
66492	464
66493	467
66494	695
66495	413
66496	744
66497	139
66498	497
66499	35
66500	452
66501	673
66502	10
66503	205
66504	640
66505	22
66506	569
66507	291
66508	412
66509	502
66510	360
66511	84
66512	627
66513	138
66514	37
66515	797
66516	790
66517	28
66518	451
66519	373
66520	0
66521	691
66522	0
66523	362
66524	357
66525	311
66526	844
66527	491
66528	20
66529	28
66530	390
66531	736
66532	669
66533	761
66534	353
66535	654
66536	762
66537	522
66538	514
66539	34
66540	166
66541	819
66542	280
66543	85
66544	72
66545	2
66546	1
66547	261
66548	108
66549	10
66550	584
66551	290
66552	656
66553	11
66554	861
66555	42
66556	7
66557	360
66558	374
66559	275
66560	690
66561	120
66562	23
66563	0
66564	1089
66565	70
66566	358
66567	386
66568	1
66569	64
66570	368
66571	390
66572	447
66573	600
66574	482
66575	13
66576	70
66577	129
66578	142
66579	83
66580	582
66581	519
66582	23
66583	80
66584	4
66585	609
66586	575
66587	950
66588	442
66589	134
66590	514
66591	431
66592	77
66593	120
66594	455
66595	249
66596	294
66597	62
66598	32
66599	663
66600	517
66601	253
66602	343
66603	409
66604	505
66605	130
66606	17
66607	494
66608	440
66609	111
66610	10
66611	24
66612	749
66613	661
66614	710
66615	792
66616	565
66617	2
66618	626
66619	307
66620	354
66621	449
66622	113
66623	203
66624	52
66625	293
66626	235
66627	121
66628	123
66629	22
66630	8
66631	540
66632	159
66633	368
66634	540
66635	357
66636	341
66637	437
66638	770
66639	710
66640	808
66641	858
66642	1059
66643	0
66644	94
66645	138
66646	49
66647	251
66648	328
66649	418
66650	0
66651	527
66652	1010
66653	0
66654	0
66655	6
66656	285
66657	794
66658	683
66659	529
66660	0
66661	81
66662	496
66663	2
66664	378
66665	8
66666	210
66667	43
66668	243
66669	636
66670	56
66671	484
66672	548
66673	1
66674	460
66675	58
66676	342
66677	68
66678	5
66679	382
66680	43
66681	715
66682	223
66683	386
66684	170
66685	698
66686	42
66687	12
66688	313
66689	377
66690	776
66691	146
66692	445
66693	265
66694	536
66695	374
66696	204
66697	523
66698	15
66699	553
66700	456
66701	417
66702	255
66703	685
66704	39
66705	326
66706	371
66707	458
66708	24
66709	576
66710	205
66711	7
66712	239
66713	261
66714	477
66715	0
66716	27
66717	760
66718	0
66719	3
66720	437
66721	781
66722	391
66723	360
66724	734
66725	120
66726	591
66727	684
66728	829
66729	403
66730	319
66731	69
66732	988
66733	331
66734	165
66735	758
66736	645
66737	735
66738	649
66739	481
66740	897
66741	531
66742	383
66743	174
66744	240
66745	128
66746	0
66747	4
66748	712
66749	25
66750	177
66751	352
66752	411
66753	218
66754	104
66755	3
66756	255
66757	506
66758	312
66759	672
66760	47
66761	2
66762	686
66763	700
66764	333
66765	552
66766	591
66767	545
66768	461
66769	20
66770	319
66771	96
66772	548
66773	47
66774	16
66775	188
66776	475
66777	405
66778	580
66779	580
66780	620
66781	37
66782	537
66783	1255
66784	23
66785	342
66786	510
66787	255
66788	406
66789	691
66790	659
66791	0
66792	527
66793	336
66794	133
66795	241
66796	395
66797	530
66798	553
66799	0
66800	560
66801	441
66802	39
66803	424
66804	329
66805	37
66806	11
66807	56
66808	2
66809	531
66810	10
66811	553
66812	495
66813	214
66814	6
66815	17
66816	374
66817	633
66818	670
66819	653
66820	38
66821	461
66822	335
66823	1
66824	752
66825	692
66826	383
66827	109
66828	861
66829	5
66830	390
66831	616
66832	22
66833	150
66834	48
66835	84
66836	778
66837	524
66838	1039
66839	357
66840	2
66841	220
66842	176
66843	82
66844	312
66845	398
66846	474
66847	389
66848	7
66849	83
66850	590
66851	122
66852	605
66853	4
66854	412
66855	85
66856	198
66857	617
66858	297
66859	164
66860	369
66861	492
66862	209
66863	488
66864	202
66865	4
66866	0
66867	356
66868	549
66869	472
66870	101
66871	962
66872	372
66873	521
66874	668
66875	3
66876	626
66877	22
66878	1
66879	574
66880	769
66881	810
66882	304
66883	605
66884	212
66885	0
66886	4
66887	4
66888	56
66889	34
66890	819
66891	510
66892	785
66893	121
66894	721
66895	237
66896	430
66897	512
66898	217
66899	266
66900	184
66901	79
66902	14
66903	314
66904	86
66905	64
66906	50
66907	543
66908	728
66909	535
66910	542
66911	85
66912	853
66913	1110
66914	933
66915	522
66916	126
66917	32
66918	116
66919	540
66920	352
66921	26
66922	471
66923	342
66924	782
66925	586
66926	251
66927	4
66928	620
66929	120
66930	554
66931	43
66932	36
66933	14
66934	262
66935	169
66936	649
66937	600
66938	349
66939	139
66940	41
66941	337
66942	125
66943	46
66944	629
66945	101
66946	128
66947	6
66948	406
66949	387
66950	261
66951	123
66952	185
66953	607
66954	649
66955	0
66956	394
66957	49
66958	22
66959	546
66960	153
66961	1076
66962	973
66963	347
66964	284
66965	604
66966	1164
66967	929
66968	135
66969	0
66970	0
66971	4
66972	120
66973	100
66974	703
66975	572
66976	559
66977	352
66978	82
66979	286
66980	664
66981	20
66982	723
66983	741
66984	240
66985	4
66986	10
66987	84
66988	233
66989	612
66990	608
66991	250
66992	293
66993	426
66994	404
66995	697
66996	120
66997	530
66998	56
66999	31
67000	467
67001	241
67002	239
67003	57
67004	400
67005	290
67006	410
67007	79
67008	247
67009	537
67010	481
67011	576
67012	399
67013	362
67014	551
67015	479
67016	30
67017	15
67018	659
67019	564
67020	335
67021	1
67022	57
67023	432
67024	271
67025	232
67026	390
67027	171
67028	564
67029	488
67030	535
67031	100
67032	485
67033	19
67034	147
67035	394
67036	280
67037	567
67038	11
67039	513
67040	241
67041	28
67042	709
67043	423
67044	297
67045	97
67046	112
67047	216
67048	65
67049	425
67050	550
67051	123
67052	63
67053	658
67054	445
67055	70
67056	418
67057	341
67058	481
67059	184
67060	509
67061	362
67062	68
67063	122
67064	1
67065	118
67066	246
67067	0
67068	573
67069	82
67070	656
67071	531
67072	304
67073	221
67074	513
67075	155
67076	11
67077	38
67078	58
67079	469
67080	594
67081	16
67082	406
67083	631
67084	110
67085	482
67086	86
67087	128
67088	364
67089	404
67090	519
67091	496
67092	1
67093	572
67094	251
67095	2
67096	524
67097	406
67098	428
67099	296
67100	338
67101	990
67102	740
67103	402
67104	61
67105	150
67106	300
67107	722
67108	542
67109	16
67110	274
67111	473
67112	675
67113	0
67114	653
67115	175
67116	56
67117	13
67118	542
67119	518
67120	44
67121	197
67122	648
67123	339
67124	55
67125	430
67126	369
67127	437
67128	8
67129	265
67130	414
67131	293
67132	10
67133	630
67134	21
67135	440
67136	453
67137	233
67138	450
67139	352
