33223	573
33224	622
33225	526
33226	764
33227	744
33228	253
33229	611
33230	205
33231	372
33232	763
33233	514
33234	386
33235	1274
33236	989
33237	447
33238	2
33239	878
33240	351
33241	489
33242	455
33243	382
33244	618
33245	420
33246	612
33247	445
33248	419
33249	20
33250	547
33251	86
33252	338
33253	1005
33254	327
33255	338
33256	487
33257	517
33258	421
33259	193
33260	369
33261	638
33262	182
33263	538
33264	326
33265	903
33266	619
33267	668
33268	79
33269	793
33270	419
33271	288
33272	110
33273	454
33274	34
33275	10
33276	834
33277	477
33278	837
33279	70
33280	588
33281	481
33282	168
33283	307
33284	192
33285	423
33286	242
33287	349
33288	440
33289	258
33290	351
33291	417
33292	641
33293	122
33294	43
33295	578
33296	291
33297	861
33298	418
33299	442
33300	535
33301	289
33302	390
33303	660
33304	987
33305	549
33306	450
33307	59
33308	788
33309	847
33310	230
33311	403
33312	591
33313	179
33314	119
33315	116
33316	770
33317	792
33318	733
33319	720
33320	245
33321	462
33322	261
33323	645
33324	673
33325	499
33326	607
33327	673
33328	667
33329	725
33330	550
33331	625
33332	620
33333	102
33334	654
33335	962
33336	821
33337	602
33338	709
33339	911
33340	997
33341	353
33342	83
33343	696
33344	599
33345	84
33346	716
33347	703
33348	848
33349	613
33350	638
33351	861
33352	648
33353	761
33354	602
33355	624
33356	403
33357	601
33358	265
33359	109
33360	144
33361	437
33362	566
33363	558
33364	378
33365	596
33366	362
33367	183
33368	678
33369	84
33370	566
33371	351
33372	380
33373	673
33374	759
33375	542
33376	412
33377	385
33378	108
33379	422
33380	777
33381	131
33382	721
33383	513
33384	216
33385	705
33386	163
33387	984
33388	1197
33389	533
33390	646
33391	436
33392	369
33393	181
33394	599
33395	2
33396	320
33397	684
33398	510
33399	191
33400	1203
33401	98
33402	244
33403	904
33404	141
33405	785
33406	496
33407	167
33408	483
33409	43
33410	128
33411	521
33412	414
33413	164
33414	223
33415	164
33416	463
33417	193
33418	782
33419	1039
33420	745
33421	440
33422	520
33423	86
33424	198
33425	320
33426	660
33427	702
33428	484
33429	447
33430	636
33431	503
33432	533
33433	500
33434	109
33435	541
33436	526
33437	613
33438	283
33439	101
33440	700
33441	659
33442	418
33443	896
33444	586
33445	136
33446	99
33447	595
33448	661
33449	547
33450	39
33451	585
33452	353
33453	900
33454	983
33455	1054
33456	882
33457	331
33458	525
33459	387
33460	302
33461	390
33462	697
33463	420
33464	173
33465	626
33466	516
33467	338
33468	778
33469	512
33470	914
33471	669
33472	151
33473	546
33474	593
33475	686
33476	653
33477	270
33478	649
33479	275
33480	627
33481	617
33482	259
33483	640
33484	652
33485	185
33486	169
33487	433
33488	104
33489	98
33490	486
33491	307
33492	600
33493	745
33494	466
33495	495
33496	396
33497	727
33498	799
33499	429
33500	227
33501	449
33502	60
33503	713
33504	742
33505	730
33506	894
33507	540
33508	763
33509	816
33510	20
33511	344
33512	920
33513	526
33514	384
33515	815
33516	887
33517	657
33518	853
33519	778
33520	759
33521	288
33522	88
33523	558
33524	454
33525	56
33526	378
33527	70
33528	795
33529	425
33530	25
33531	200
33532	325
33533	487
33534	565
33535	498
33536	420
33537	459
33538	875
33539	525
33540	217
33541	372
33542	857
33543	641
33544	586
33545	89
33546	921
33547	713
33548	824
33549	904
33550	1151
33551	467
33552	10
33553	320
33554	394
33555	307
33556	624
33557	479
33558	437
33559	668
33560	10
33561	633
33562	10
33563	532
33564	371
33565	625
33566	821
33567	776
33568	207
33569	641
33570	697
33571	36
33572	519
33573	85
33574	457
33575	629
33576	483
33577	532
33578	776
33579	99
33580	544
33581	711
33582	632
33583	672
33584	379
33585	131
33586	816
33587	972
33588	634
33589	420
33590	520
33591	658
33592	685
33593	755
33594	316
33595	863
33596	679
33597	689
33598	568
33599	483
33600	448
33601	20
33602	698
33603	300
33604	295
33605	498
33606	581
33607	422
33608	20
33609	570
33610	194
33611	132
33612	167
33613	352
33614	539
33615	757
33616	0
33617	966
33618	156
33619	853
33620	692
33621	603
33622	569
33623	1080
33624	1090
33625	276
33626	319
33627	448
33628	647
33629	646
33630	53
33631	586
33632	523
33633	437
33634	87
33635	848
33636	743
33637	1156
33638	902
33639	1142
33640	762
33641	407
33642	105
33643	575
33644	454
33645	638
33646	714
33647	1144
33648	181
33649	650
33650	138
33651	881
33652	91
33653	264
33654	189
33655	465
33656	359
33657	278
33658	182
33659	374
33660	284
33661	696
33662	602
33663	594
33664	774
33665	763
33666	683
33667	688
33668	680
33669	440
33670	867
33671	315
33672	691
33673	481
33674	317
33675	326
33676	801
33677	595
33678	10
33679	1019
33680	1135
33681	882
33682	1088
33683	784
33684	1049
33685	1234
33686	218
33687	754
33688	153
33689	454
33690	564
33691	665
33692	666
33693	120
33694	6
33695	573
33696	297
33697	240
33698	496
33699	279
33700	233
33701	476
33702	509
33703	498
33704	621
33705	643
33706	632
33707	509
33708	595
33709	617
33710	551
33711	763
33712	797
33713	131
33714	255
33715	529
33716	40
33717	684
33718	139
33719	306
33720	484
33721	1143
33722	830
33723	719
33724	44
33725	456
33726	594
33727	178
33728	545
33729	72
33730	371
33731	461
33732	204
33733	904
33734	751
33735	173
33736	161
33737	165
33738	577
33739	719
33740	251
33741	953
33742	914
33743	675
33744	850
33745	978
33746	126
33747	156
33748	475
33749	582
33750	734
33751	787
33752	818
33753	818
33754	835
33755	725
33756	662
33757	925
33758	836
33759	746
33760	588
33761	467
33762	258
33763	682
33764	456
33765	278
33766	653
33767	49
33768	468
33769	249
33770	645
33771	637
33772	21
33773	767
33774	208
33775	598
33776	873
33777	670
33778	906
33779	568
33780	357
33781	747
33782	963
33783	867
33784	32
33785	421
33786	435
33787	112
33788	521
33789	1094
33790	954
33791	1032
33792	742
33793	385
33794	155
33795	357
33796	875
33797	777
33798	988
33799	755
33800	695
33801	468
33802	704
33803	71
33804	725
33805	589
33806	575
33807	601
33808	606
33809	20
33810	516
33811	1212
33812	909
33813	573
33814	790
33815	1118
33816	139
33817	1
33818	497
33819	288
33820	909
33821	706
33822	859
33823	450
33824	487
33825	838
33826	23
33827	534
33828	223
33829	408
33830	784
33831	389
33832	34
33833	499
33834	611
33835	409
33836	724
33837	611
33838	584
33839	472
33840	507
33841	86
33842	320
33843	618
33844	490
33845	781
33846	237
33847	143
33848	616
33849	824
33850	834
33851	782
33852	22
33853	792
33854	660
33855	871
33856	618
33857	746
33858	889
33859	255
33860	781
33861	59
33862	746
33863	7
33864	526
33865	600
33866	1013
33867	826
33868	326
33869	352
33870	1136
33871	409
33872	35
33873	35
33874	41
33875	537
33876	590
33877	536
33878	553
33879	640
33880	408
33881	622
33882	273
33883	755
33884	757
33885	604
33886	221
33887	388
33888	844
33889	725
33890	930
33891	807
33892	973
33893	662
33894	633
33895	399
33896	908
33897	394
33898	211
33899	662
33900	543
33901	651
33902	954
33903	396
33904	944
33905	706
33906	1014
33907	313
33908	796
33909	71
33910	560
33911	609
33912	493
33913	1163
33914	113
33915	322
33916	463
33917	661
33918	931
33919	701
33920	475
33921	619
33922	359
33923	790
33924	445
33925	20
33926	608
33927	595
33928	638
33929	525
33930	568
33931	20
33932	755
33933	161
33934	442
33935	244
33936	199
33937	501
33938	505
33939	558
33940	394
33941	333
33942	660
33943	181
33944	386
33945	542
33946	478
33947	417
33948	731
33949	339
33950	217
33951	551
33952	698
33953	463
33954	441
33955	726
33956	894
33957	975
33958	812
33959	873
33960	434
33961	875
33962	661
33963	388
33964	866
33965	974
33966	711
33967	377
33968	522
33969	651
33970	78
33971	371
33972	468
33973	440
33974	13
33975	604
33976	262
33977	744
33978	51
33979	362
33980	793
33981	246
33982	77
33983	637
33984	884
33985	621
33986	1105
33987	706
33988	934
33989	60
33990	390
33991	67
33992	618
33993	711
33994	638
33995	437
33996	358
33997	372
33998	30
33999	148
34000	0
34001	423
34002	450
34003	868
34004	663
34005	366
34006	809
34007	849
34008	391
34009	474
34010	631
34011	260
34012	934
34013	219
34014	460
34015	264
34016	413
34017	727
34018	339
34019	505
34020	464
34021	544
34022	222
34023	806
34024	532
34025	571
34026	488
34027	595
34028	556
34029	316
34030	486
34031	471
34032	576
34033	650
34034	296
34035	131
34036	794
34037	680
34038	634
34039	319
34040	367
34041	899
34042	1184
34043	951
34044	1138
34045	872
34046	810
34047	136
34048	296
34049	311
34050	571
34051	493
34052	201
34053	503
34054	662
34055	259
34056	617
34057	886
34058	531
34059	554
34060	386
34061	449
34062	479
34063	39
34064	778
34065	784
34066	642
34067	696
34068	451
34069	551
34070	838
34071	550
34072	914
34073	648
34074	979
34075	581
34076	542
34077	419
34078	494
34079	223
34080	314
34081	378
34082	76
34083	752
34084	114
34085	727
34086	294
34087	731
34088	349
34089	168
34090	550
34091	1103
34092	233
34093	411
34094	13
34095	378
34096	177
34097	158
34098	1
34099	183
34100	724
34101	453
34102	433
34103	486
34104	449
34105	10
34106	734
34107	485
34108	542
34109	414
34110	738
34111	324
34112	335
34113	447
34114	0
34115	137
34116	516
34117	670
34118	671
34119	683
34120	402
34121	278
34122	544
34123	557
34124	457
34125	421
34126	486
34127	282
34128	149
34129	111
34130	307
34131	534
34132	522
34133	96
34134	844
34135	606
34136	183
34137	367
34138	396
34139	347
34140	589
34141	235
34142	158
34143	873
34144	818
34145	320
34146	433
34147	426
34148	703
34149	614
34150	465
34151	544
34152	490
34153	404
34154	866
34155	764
34156	597
34157	848
34158	35
34159	594
34160	7
34161	887
34162	756
34163	669
34164	619
34165	35
34166	111
34167	545
34168	567
34169	687
34170	63
34171	291
34172	398
34173	915
34174	441
34175	166
34176	1059
34177	1056
34178	251
34179	427
34180	317
34181	671
34182	616
34183	232
34184	705
34185	491
34186	195
34187	480
34188	1103
34189	484
34190	410
34191	468
34192	597
34193	933
34194	918
34195	377
34196	505
34197	636
34198	552
34199	794
34200	289
34201	392
34202	515
34203	691
34204	693
34205	659
34206	498
34207	381
34208	852
34209	299
34210	390
34211	118
34212	552
34213	776
34214	658
34215	137
34216	663
34217	417
34218	463
34219	206
34220	448
34221	171
34222	134
34223	559
34224	476
34225	933
34226	336
34227	518
34228	86
34229	716
34230	525
34231	638
34232	396
34233	177
34234	650
34235	387
34236	346
34237	541
34238	813
34239	462
34240	207
34241	84
34242	130
34243	964
34244	705
34245	762
34246	809
34247	674
34248	482
34249	813
34250	84
