72918	0
72919	0
72920	105
72921	0
72922	292
72923	66
72924	0
72925	12
72926	282
72927	346
72928	110
72929	0
72930	216
72931	111
72932	0
72933	20
72934	7
72935	0
72936	1
72937	64
72938	10
72939	91
72940	4
72941	1
72942	162
72943	68
72944	181
72945	0
72946	0
72947	63
72948	2
72949	0
72950	220
72951	419
72952	0
72953	21
72954	290
72955	13
72956	24
72957	28
72958	266
72959	78
72960	0
72961	20
72962	245
72963	52
72964	442
72965	30
72966	30
72967	2
72968	2
72969	0
72970	19
72971	10
72972	4
72973	308
72974	65
72975	8
72976	0
72977	11
72978	36
72979	4
72980	371
72981	35
72982	140
72983	204
72984	5
72985	196
72986	0
72987	0
72988	0
72989	189
72990	473
72991	0
72992	19
72993	0
72994	0
72995	8
72996	40
72997	240
72998	1
72999	236
73000	1
73001	155
73002	0
73003	0
73004	302
73005	45
73006	49
73007	3
73008	37
73009	129
73010	24
73011	0
73012	1
73013	20
73014	27
73015	31
73016	9
73017	10
73018	96
73019	32
73020	1
73021	17
73022	46
73023	12
73024	45
73025	16
73026	0
73027	4
73028	30
73029	0
73030	20
73031	2
73032	10
73033	4
73034	17
73035	15
73036	29
73037	1
73038	208
73039	48
73040	129
73041	54
73042	95
73043	0
73044	71
73045	11
73046	10
73047	11
73048	0
73049	143
73050	39
73051	0
73052	43
73053	4
73054	68
73055	23
73056	20
73057	151
73058	195
73059	0
73060	0
73061	4
73062	23
73063	0
73064	0
73065	1
73066	1
73067	0
73068	0
73069	28
73070	0
73071	4
73072	176
73073	0
73074	173
73075	58
73076	44
73077	20
73078	16
73079	0
73080	33
73081	166
73082	50
73083	0
73084	56
73085	439
73086	0
73087	0
73088	4
73089	6
73090	41
73091	8
73092	40
73093	0
73094	553
73095	3
73096	166
73097	23
73098	1
73099	36
73100	20
73101	363
73102	4
73103	6
73104	48
73105	4
73106	0
73107	0
73108	14
73109	125
73110	235
73111	481
73112	244
73113	65
73114	273
73115	201
73116	172
73117	51
73118	153
73119	84
73120	0
73121	50
73122	20
73123	23
73124	2
73125	0
73126	16
73127	3
73128	117
73129	255
73130	150
73131	0
73132	43
73133	367
73134	54
73135	0
73136	0
73137	1
73138	4
73139	114
73140	79
73141	40
73142	6
73143	0
73144	18
73145	10
73146	0
73147	0
73148	84
73149	0
73150	10
73151	0
73152	7
73153	76
73154	0
73155	7
73156	0
73157	208
73158	23
73159	253
73160	0
73161	26
73162	1
73163	127
73164	109
73165	13
73166	47
73167	207
73168	277
73169	0
73170	0
73171	465
73172	106
73173	389
73174	288
73175	0
73176	0
73177	311
73178	47
73179	0
73180	4
73181	0
73182	216
73183	258
73184	115
73185	122
73186	1
73187	20
73188	205
73189	2
73190	42
73191	0
73192	521
73193	26
73194	27
73195	214
73196	0
73197	0
73198	0
73199	168
73200	0
73201	120
73202	0
73203	186
73204	1
73205	115
73206	0
73207	240
73208	6
73209	0
73210	21
73211	20
73212	83
73213	209
73214	83
73215	0
73216	20
73217	243
73218	52
73219	59
73220	11
73221	41
73222	0
73223	1
73224	0
73225	0
73226	51
73227	65
73228	0
73229	0
73230	0
73231	1
73232	37
73233	4
73234	98
73235	191
73236	65
73237	65
73238	2
73239	28
73240	23
73241	7
73242	0
73243	0
73244	31
73245	10
73246	135
73247	56
73248	0
73249	87
73250	319
73251	101
73252	0
73253	53
73254	1
73255	0
73256	95
73257	0
73258	56
73259	0
73260	0
73261	170
73262	204
73263	0
73264	20
73265	112
73266	48
73267	54
73268	86
73269	16
73270	0
73271	193
73272	173
73273	479
73274	95
73275	196
73276	8
73277	5
73278	37
73279	199
73280	495
73281	23
73282	129
73283	0
73284	0
73285	177
73286	0
73287	0
73288	0
73289	28
73290	2
73291	50
73292	319
73293	136
73294	0
73295	0
73296	14
73297	0
73298	207
73299	181
73300	199
73301	29
73302	4
73303	130
73304	119
73305	0
73306	38
73307	55
73308	321
73309	14
73310	142
73311	1
73312	48
73313	383
73314	7
73315	8
73316	8
73317	62
73318	265
73319	324
73320	273
73321	146
73322	202
73323	69
73324	1
73325	121
73326	15
73327	157
73328	91
73329	37
73330	115
73331	44
73332	0
73333	1
73334	210
73335	0
73336	2
73337	460
73338	10
73339	124
73340	59
73341	21
73342	90
73343	38
73344	14
73345	4
73346	106
73347	98
73348	376
73349	77
73350	153
73351	61
73352	43
73353	394
73354	17
73355	1
73356	120
73357	4
73358	0
73359	81
73360	28
73361	2
73362	67
73363	221
73364	226
73365	118
73366	10
73367	241
73368	4
73369	0
73370	402
73371	67
73372	409
73373	0
73374	42
73375	380
73376	0
73377	0
73378	23
73379	16
73380	0
73381	91
73382	68
73383	110
73384	25
73385	46
73386	0
73387	0
73388	169
73389	242
73390	0
73391	92
73392	0
73393	283
73394	323
73395	210
73396	69
73397	5
73398	151
73399	23
73400	7
73401	53
73402	76
73403	12
73404	0
73405	176
73406	0
73407	10
73408	99
73409	0
73410	214
73411	156
73412	16
73413	16
73414	30
73415	95
73416	58
73417	235
73418	105
73419	0
73420	4
73421	163
73422	329
73423	251
73424	0
73425	389
73426	220
73427	0
73428	52
73429	2
73430	267
73431	0
73432	333
73433	0
73434	0
73435	0
73436	149
73437	0
73438	159
73439	0
73440	0
73441	158
73442	232
73443	292
73444	0
73445	56
73446	5
73447	0
73448	30
73449	2
73450	0
73451	299
73452	67
73453	56
73454	20
73455	39
73456	213
73457	86
73458	19
73459	16
73460	213
73461	0
73462	7
73463	373
73464	307
73465	285
73466	175
73467	446
73468	4
73469	8
73470	252
73471	0
73472	38
73473	7
73474	10
73475	0
73476	278
73477	160
73478	58
73479	0
73480	11
73481	0
73482	1
73483	0
73484	303
73485	57
73486	140
73487	0
73488	94
73489	188
73490	0
73491	22
73492	0
73493	22
73494	135
73495	41
73496	0
73497	219
73498	1
73499	220
73500	334
73501	93
73502	168
73503	230
73504	166
73505	0
73506	16
73507	5
73508	0
73509	6
73510	2
73511	96
73512	0
73513	0
73514	223
73515	0
73516	10
73517	10
73518	0
73519	153
73520	0
73521	71
73522	0
73523	20
73524	2
73525	8
73526	3
73527	142
73528	0
73529	40
73530	0
73531	10
73532	206
73533	190
73534	20
73535	0
73536	46
73537	0
73538	0
73539	4
73540	20
73541	1
73542	0
73543	31
73544	0
73545	37
73546	2
73547	386
73548	325
73549	343
73550	10
73551	23
73552	0
73553	124
73554	0
73555	1
73556	0
73557	0
73558	180
73559	242
73560	0
73561	18
73562	0
73563	0
73564	34
73565	0
73566	192
73567	343
73568	4
73569	90
73570	195
73571	0
73572	10
73573	171
73574	0
73575	200
73576	272
73577	210
73578	326
73579	0
