83294	466
83295	384
83296	0
83297	0
83298	0
83299	51
83300	224
83301	253
83302	475
83303	215
83304	20
83305	124
83306	315
83307	0
83308	36
83309	93
83310	66
83311	238
83312	30
83313	517
83314	4
83315	1
83316	10
83317	271
83318	1
83319	58
83320	4
83321	35
83322	71
83323	0
83324	47
83325	370
83326	0
83327	0
83328	117
83329	4
83330	4
83331	0
83332	0
83333	4
83334	0
83335	0
83336	10
83337	50
83338	0
83339	4
83340	330
83341	62
83342	88
83343	0
83344	35
83345	139
83346	70
83347	43
83348	282
83349	329
83350	57
83351	4
83352	162
83353	212
83354	14
83355	34
83356	15
83357	56
83358	35
83359	7
83360	0
83361	84
83362	83
83363	0
83364	10
83365	174
83366	363
83367	373
83368	0
83369	1
83370	21
83371	0
83372	0
83373	0
83374	26
83375	168
83376	0
83377	0
83378	0
83379	133
83380	0
83381	15
83382	0
83383	112
83384	123
83385	5
83386	57
83387	37
83388	4
83389	103
83390	66
83391	0
83392	161
83393	0
83394	0
83395	0
83396	4
83397	486
83398	10
83399	10
83400	1
83401	124
83402	0
83403	97
83404	0
83405	30
83406	1
83407	72
83408	2
83409	10
83410	183
83411	10
83412	103
83413	1
83414	23
83415	113
83416	101
83417	111
83418	1
83419	0
83420	35
83421	20
83422	48
83423	109
83424	154
83425	10
83426	38
83427	22
83428	4
83429	1
83430	3
83431	10
83432	14
83433	20
83434	10
83435	4
83436	159
83437	1
83438	323
83439	56
83440	0
83441	73
83442	424
83443	191
83444	0
83445	20
83446	61
83447	237
83448	0
83449	0
83450	0
83451	1
83452	103
83453	20
83454	132
83455	56
83456	10
83457	0
83458	0
83459	81
83460	24
83461	53
83462	242
83463	348
83464	92
83465	46
83466	6
83467	88
83468	208
83469	0
83470	4
83471	13
83472	0
83473	76
83474	0
83475	109
83476	177
83477	54
83478	10
83479	4
83480	20
83481	1
83482	48
83483	268
83484	0
83485	0
83486	28
83487	0
83488	10
83489	36
83490	4
83491	0
83492	19
83493	142
83494	0
83495	1
83496	0
83497	7
83498	1
83499	51
83500	0
83501	0
83502	20
83503	242
83504	4
83505	0
83506	336
83507	212
83508	21
83509	39
83510	21
83511	330
83512	211
83513	124
83514	11
83515	7
83516	0
83517	4
83518	0
83519	202
83520	224
83521	10
83522	0
83523	49
83524	146
83525	4
83526	4
83527	0
83528	56
83529	0
83530	379
83531	4
83532	88
83533	70
83534	77
83535	35
83536	0
83537	0
83538	0
83539	0
83540	0
83541	15
83542	0
83543	425
83544	72
83545	2
83546	247
83547	47
83548	7
83549	134
83550	260
83551	0
83552	20
83553	10
83554	2
83555	2
83556	35
83557	52
83558	0
83559	77
83560	28
83561	0
83562	66
83563	0
83564	21
83565	0
83566	0
83567	99
83568	0
83569	367
83570	4
83571	0
83572	0
83573	147
83574	44
83575	20
83576	0
83577	6
83578	16
83579	0
83580	20
83581	273
83582	46
83583	16
83584	84
83585	10
83586	22
83587	35
83588	1
83589	0
83590	0
83591	59
83592	2
83593	92
83594	166
83595	4
83596	86
83597	4
83598	0
83599	10
83600	1
83601	0
83602	0
83603	0
83604	0
83605	33
83606	20
83607	69
83608	0
83609	0
83610	0
83611	116
83612	10
83613	42
83614	65
83615	143
83616	284
83617	0
83618	24
83619	4
83620	0
83621	79
83622	1
83623	0
83624	84
83625	0
83626	46
83627	1
83628	68
83629	2
83630	20
83631	2
83632	91
83633	4
83634	26
83635	56
83636	56
83637	0
83638	0
83639	35
83640	56
83641	35
83642	358
83643	362
83644	262
83645	184
83646	10
83647	323
83648	269
83649	1
83650	22
83651	25
83652	289
83653	20
83654	1
83655	3
83656	1
83657	53
83658	20
83659	0
83660	290
83661	55
83662	47
83663	0
83664	8
83665	17
83666	0
83667	0
83668	0
83669	49
83670	13
83671	0
83672	27
83673	0
83674	485
83675	152
83676	0
83677	0
83678	4
83679	271
83680	202
83681	2
83682	5
83683	222
83684	14
83685	1
83686	183
83687	4
83688	0
83689	0
83690	235
83691	144
83692	1
83693	149
83694	0
83695	115
83696	0
83697	0
83698	239
83699	145
83700	5
83701	90
83702	10
83703	1
83704	16
83705	38
83706	226
83707	129
83708	0
83709	3
83710	18
83711	38
83712	1
83713	2
83714	0
83715	1
83716	0
83717	71
83718	12
83719	15
83720	152
83721	80
83722	52
83723	382
83724	71
83725	0
83726	10
83727	88
83728	0
83729	333
83730	0
83731	58
83732	117
83733	20
83734	251
83735	224
83736	65
83737	0
83738	0
83739	10
83740	198
83741	211
83742	0
83743	101
83744	99
83745	36
83746	0
83747	238
83748	139
83749	303
83750	20
83751	202
83752	0
83753	5
83754	10
83755	0
83756	462
83757	316
83758	4
83759	1
83760	307
83761	34
83762	20
83763	314
83764	269
83765	152
83766	359
83767	0
83768	4
83769	22
83770	51
83771	0
83772	10
83773	0
83774	50
83775	0
83776	1
83777	50
83778	0
83779	0
83780	10
83781	132
83782	271
83783	1
83784	31
83785	0
83786	0
83787	21
83788	16
83789	0
83790	324
83791	323
83792	0
83793	0
83794	85
83795	141
83796	0
83797	0
83798	0
83799	35
83800	58
83801	0
83802	82
83803	4
83804	76
83805	72
83806	31
83807	314
83808	206
83809	1
83810	0
83811	0
83812	10
83813	146
83814	20
83815	0
83816	65
83817	196
83818	0
83819	20
83820	4
83821	16
83822	0
83823	4
83824	0
83825	0
83826	7
83827	209
83828	0
83829	1
83830	37
83831	253
83832	153
83833	149
83834	130
83835	16
83836	4
83837	0
83838	0
83839	139
83840	103
83841	146
83842	620
83843	1
83844	0
83845	58
83846	4
83847	0
83848	80
83849	80
83850	34
83851	134
83852	100
83853	168
83854	0
83855	198
83856	10
83857	0
83858	11
83859	29
83860	26
83861	6
83862	0
83863	149
83864	0
83865	0
83866	4
83867	69
83868	56
83869	111
83870	54
83871	0
83872	55
83873	0
83874	3
83875	13
83876	2
83877	0
83878	38
83879	167
83880	0
83881	0
83882	0
83883	50
83884	0
83885	0
83886	41
83887	35
83888	5
83889	74
83890	80
83891	0
83892	20
83893	35
83894	70
83895	0
83896	0
83897	0
83898	4
83899	0
83900	112
83901	218
83902	18
83903	12
83904	154
83905	88
83906	0
83907	10
83908	10
83909	4
83910	39
83911	56
83912	0
83913	109
83914	91
83915	20
83916	27
83917	10
83918	286
83919	59
83920	49
83921	16
83922	1
83923	4
83924	21
83925	1
83926	56
83927	362
83928	0
83929	5
83930	0
83931	80
83932	85
83933	95
83934	247
83935	40
83936	0
83937	4
83938	0
83939	118
83940	212
83941	0
83942	77
83943	77
83944	35
83945	0
83946	0
83947	0
83948	20
83949	0
83950	0
83951	10
83952	1
83953	20
83954	7
83955	0
83956	139
83957	0
83958	205
83959	115
83960	393
83961	23
83962	100
83963	2
83964	0
83965	21
83966	0
83967	197
83968	0
83969	0
83970	2
83971	50
83972	50
83973	2
83974	1
83975	21
83976	11
83977	4
83978	20
83979	95
83980	310
83981	56
83982	240
83983	149
83984	0
83985	0
83986	26
83987	88
83988	228
83989	237
83990	0
83991	0
83992	72
83993	4
83994	51
83995	99
83996	32
83997	0
83998	3
83999	0
84000	112
84001	0
84002	0
84003	0
84004	1
84005	290
84006	126
84007	27
84008	11
84009	0
84010	43
