17607	70
17608	12
17609	67
17610	15
17611	2
17612	0
17613	265
17614	557
17615	334
17616	7
17617	97
17618	0
17619	0
17620	101
17621	43
17622	52
17623	0
17624	4
17625	0
17626	4
17627	6
17628	3
17629	356
17630	0
17631	0
17632	56
17633	10
17634	22
17635	52
17636	17
17637	0
17638	115
17639	0
17640	0
17641	422
17642	5
17643	125
17644	0
17645	36
17646	0
17647	32
17648	0
17649	26
17650	0
17651	198
17652	0
17653	26
17654	0
17655	26
17656	144
17657	2
17658	0
17659	0
17660	35
17661	152
17662	0
17663	0
17664	0
17665	111
17666	0
17667	1
17668	129
17669	550
17670	501
17671	76
17672	0
17673	434
17674	58
17675	143
17676	0
17677	0
17678	4
17679	86
17680	0
17681	71
17682	2
17683	0
17684	56
17685	200
17686	4
17687	0
17688	125
17689	75
17690	194
17691	0
17692	263
17693	35
17694	0
17695	4
17696	20
17697	7
17698	20
17699	0
17700	431
17701	208
17702	23
17703	10
17704	4
17705	0
17706	0
17707	496
17708	16
17709	0
17710	229
17711	20
17712	58
17713	20
17714	12
17715	287
17716	0
17717	0
17718	69
17719	12
17720	4
17721	545
17722	152
17723	0
17724	141
17725	51
17726	379
17727	84
17728	2
17729	56
17730	4
17731	21
17732	15
17733	407
17734	20
17735	0
17736	41
17737	14
17738	186
17739	0
17740	0
17741	9
17742	35
17743	11
17744	0
17745	444
17746	14
17747	0
17748	17
17749	20
17750	6
17751	10
17752	0
17753	0
17754	105
17755	30
17756	1
17757	56
17758	0
17759	33
17760	0
17761	0
17762	0
17763	4
17764	0
17765	10
17766	72
17767	10
17768	189
17769	0
17770	2
17771	0
17772	35
17773	179
17774	2
17775	0
17776	23
17777	31
17778	161
17779	111
17780	140
17781	0
17782	6
17783	1
17784	653
17785	0
17786	114
17787	220
17788	55
17789	164
17790	226
17791	52
17792	156
17793	12
17794	18
17795	4
17796	103
17797	23
17798	3
17799	468
17800	496
17801	199
17802	0
17803	8
17804	56
17805	0
17806	258
17807	122
17808	0
17809	168
17810	7
17811	0
17812	4
17813	35
17814	379
17815	86
17816	144
17817	257
17818	35
17819	0
17820	1
17821	0
17822	121
17823	56
17824	155
17825	129
17826	177
17827	1
17828	57
17829	0
17830	307
17831	106
17832	39
17833	239
17834	364
17835	44
17836	267
17837	6
17838	125
17839	156
17840	37
17841	7
17842	5
17843	4
17844	177
17845	0
17846	0
17847	22
17848	3
17849	7
17850	7
17851	0
17852	166
17853	4
17854	0
17855	0
17856	0
17857	288
17858	41
17859	55
17860	183
17861	0
17862	3
17863	10
17864	0
17865	0
17866	0
17867	0
17868	0
17869	97
17870	0
17871	0
17872	55
17873	170
17874	195
17875	2
17876	7
17877	283
17878	105
17879	166
17880	148
17881	4
17882	0
17883	0
17884	0
17885	66
17886	56
17887	20
17888	2
17889	4
17890	0
17891	16
17892	8
17893	16
17894	5
17895	1
17896	43
17897	150
17898	119
17899	80
17900	0
17901	0
17902	0
17903	76
17904	494
17905	385
17906	428
17907	3
17908	1
17909	35
17910	10
17911	4
17912	112
17913	6
17914	2
17915	171
17916	209
17917	377
17918	96
17919	11
17920	1
17921	333
17922	37
17923	20
17924	150
17925	0
17926	0
17927	4
17928	1
17929	116
17930	6
17931	302
17932	56
17933	99
17934	0
17935	28
17936	10
17937	2
17938	0
17939	10
17940	20
17941	2
17942	88
17943	35
17944	9
17945	0
17946	0
17947	49
17948	247
17949	0
17950	290
17951	301
17952	0
17953	200
17954	111
17955	20
17956	12
17957	10
17958	141
17959	127
17960	16
17961	53
17962	318
17963	0
17964	468
17965	84
17966	0
17967	2
17968	0
17969	10
17970	23
17971	0
17972	0
17973	0
17974	39
17975	1
17976	0
17977	1
17978	0
17979	0
17980	0
17981	28
17982	192
17983	1
17984	1
17985	1
17986	0
17987	0
17988	2
17989	52
17990	4
17991	0
17992	79
17993	2
17994	0
17995	43
17996	0
17997	19
17998	0
17999	112
18000	80
18001	62
18002	1
18003	0
18004	30
18005	38
18006	261
18007	10
18008	11
18009	0
18010	191
18011	69
18012	1
18013	0
18014	6
18015	12
18016	11
18017	29
18018	157
18019	240
18020	12
18021	4
18022	2
18023	4
18024	1
18025	350
18026	360
18027	46
18028	0
18029	2
18030	36
18031	268
18032	0
18033	220
18034	0
18035	6
18036	172
18037	2
18038	28
18039	321
18040	0
18041	84
18042	44
18043	264
18044	69
18045	128
18046	324
18047	0
18048	0
18049	35
18050	26
18051	0
18052	162
18053	149
18054	148
18055	38
18056	263
18057	1
18058	0
18059	129
18060	0
18061	1
18062	1
18063	0
18064	17
18065	126
18066	1
18067	0
18068	1
18069	4
18070	126
18071	299
18072	0
18073	336
18074	10
18075	490
18076	428
18077	23
18078	64
18079	1
18080	0
18081	0
18082	28
18083	36
18084	28
18085	66
18086	3
18087	3
18088	51
18089	13
18090	20
18091	204
18092	0
18093	164
18094	0
18095	0
18096	172
18097	35
18098	80
18099	74
18100	0
18101	113
18102	119
18103	156
18104	195
18105	4
18106	0
18107	64
18108	76
18109	0
18110	1
18111	3
18112	98
18113	1
18114	0
18115	163
18116	0
18117	166
18118	0
18119	1
18120	0
18121	395
18122	52
18123	1
18124	0
18125	0
18126	0
18127	282
18128	25
18129	414
18130	0
18131	0
18132	44
18133	1
18134	32
18135	243
18136	361
18137	0
18138	149
18139	273
18140	0
18141	56
18142	4
18143	4
18144	0
18145	0
18146	240
18147	0
18148	0
18149	416
18150	2
18151	66
18152	104
18153	26
18154	394
18155	20
18156	12
18157	33
18158	36
18159	5
18160	192
18161	311
18162	7
18163	300
18164	294
18165	134
18166	20
18167	0
18168	37
18169	234
18170	0
18171	31
18172	0
18173	13
18174	0
18175	219
18176	10
18177	191
18178	0
18179	337
18180	0
18181	0
18182	1
18183	164
18184	35
18185	0
18186	168
18187	14
18188	35
18189	49
18190	5
18191	521
18192	90
18193	49
18194	20
18195	369
18196	283
18197	295
18198	0
18199	20
18200	90
18201	13
18202	1
18203	1
18204	0
18205	104
18206	348
18207	0
18208	0
18209	0
18210	117
18211	287
18212	126
18213	1
18214	309
18215	63
18216	10
18217	84
18218	42
18219	501
18220	301
18221	12
18222	31
18223	157
18224	0
18225	76
18226	4
18227	0
18228	98
18229	18
18230	443
18231	433
18232	4
18233	0
18234	55
18235	95
18236	0
18237	6
18238	0
18239	0
18240	12
18241	527
18242	1
18243	14
18244	520
18245	3
18246	0
18247	59
18248	33
18249	0
18250	2
18251	317
18252	294
18253	0
18254	259
18255	0
18256	0
18257	49
18258	0
18259	2
18260	373
18261	6
18262	0
18263	34
18264	0
18265	26
18266	19
18267	207
18268	3
18269	20
18270	516
18271	0
18272	6
18273	99
18274	222
18275	0
18276	149
18277	0
18278	180
18279	432
18280	15
18281	2
18282	256
18283	166
18284	132
18285	205
18286	2
18287	233
18288	0
18289	0
18290	20
18291	9
18292	28
18293	487
18294	4
18295	0
18296	0
18297	109
18298	167
18299	184
18300	10
18301	0
18302	46
18303	0
18304	11
18305	152
18306	12
18307	84
18308	6
18309	10
18310	93
18311	108
18312	12
18313	253
18314	6
18315	2
18316	12
18317	68
18318	151
18319	0
18320	2
18321	11
18322	276
18323	7
18324	1
18325	0
18326	27
18327	0
18328	544
18329	19
18330	0
18331	67
18332	3
18333	2
18334	0
18335	0
18336	497
18337	185
18338	0
18339	372
18340	1
18341	47
18342	92
18343	0
18344	0
18345	16
18346	0
18347	2
18348	87
18349	1
18350	2
18351	10
18352	10
18353	0
18354	345
18355	26
18356	0
18357	0
18358	14
18359	0
18360	0
18361	28
18362	0
18363	230
18364	0
18365	0
