45667	58
45668	167
45669	179
45670	84
45671	101
45672	258
45673	305
45674	474
45675	45
45676	20
45677	244
45678	435
45679	446
45680	427
45681	552
45682	596
45683	121
45684	14
45685	21
45686	26
45687	123
45688	53
45689	35
45690	14
45691	4
45692	196
45693	30
45694	35
45695	178
45696	111
45697	1
45698	97
45699	122
45700	459
45701	132
45702	39
45703	443
45704	35
45705	39
45706	237
45707	232
45708	92
45709	77
45710	206
45711	335
45712	477
45713	453
45714	84
45715	327
45716	512
45717	295
45718	77
45719	185
45720	40
45721	166
45722	254
45723	212
45724	541
45725	261
45726	8
45727	47
45728	213
45729	320
45730	4
45731	58
45732	381
45733	69
45734	502
45735	569
45736	11
45737	84
45738	1
45739	68
45740	77
45741	162
45742	147
45743	111
45744	20
45745	258
45746	21
45747	43
45748	387
45749	267
45750	541
45751	10
45752	158
45753	102
45754	156
45755	281
45756	203
45757	35
45758	166
45759	30
45760	0
45761	10
45762	70
45763	0
45764	199
45765	332
45766	343
45767	76
45768	23
45769	150
45770	102
45771	246
45772	135
45773	10
45774	278
45775	188
45776	26
45777	220
45778	0
45779	298
45780	385
45781	165
45782	137
45783	381
45784	56
45785	274
45786	298
45787	241
45788	269
45789	4
45790	322
45791	98
45792	5
45793	324
45794	122
45795	35
45796	5
45797	0
45798	77
45799	35
45800	364
45801	0
45802	350
45803	308
45804	317
45805	212
45806	176
45807	249
45808	162
45809	20
45810	139
45811	61
45812	60
45813	56
45814	214
45815	366
45816	329
45817	23
45818	222
45819	333
45820	299
45821	174
45822	131
45823	259
45824	529
45825	2
45826	7
45827	225
45828	209
45829	522
45830	55
45831	142
45832	199
45833	118
45834	56
45835	251
45836	24
45837	50
45838	121
45839	253
45840	58
45841	114
45842	453
45843	292
45844	68
45845	131
45846	84
45847	272
45848	189
45849	530
45850	56
45851	72
45852	133
45853	396
45854	362
45855	402
45856	374
45857	183
45858	203
45859	524
45860	358
45861	4
45862	99
45863	301
45864	195
45865	69
45866	144
45867	0
45868	524
45869	341
45870	712
45871	411
45872	259
45873	35
45874	350
45875	342
45876	164
45877	69
45878	222
45879	88
45880	135
45881	273
45882	440
45883	139
45884	7
45885	115
45886	141
45887	205
45888	593
45889	114
45890	59
45891	340
45892	381
45893	560
45894	317
45895	206
45896	317
45897	11
45898	22
45899	35
45900	263
45901	100
45902	38
45903	363
45904	5
45905	169
45906	398
45907	35
45908	216
45909	179
45910	56
45911	139
45912	81
45913	20
45914	377
45915	4
45916	61
45917	221
45918	362
45919	4
45920	87
45921	494
45922	684
45923	52
45924	49
45925	10
45926	37
45927	203
45928	1
45929	0
45930	20
45931	25
45932	348
45933	11
45934	88
45935	35
45936	1
45937	4
45938	213
45939	65
45940	22
45941	574
45942	405
45943	601
45944	724
45945	0
45946	114
45947	51
45948	54
45949	279
45950	11
45951	1
45952	88
45953	441
45954	277
45955	420
45956	138
45957	125
45958	34
45959	85
45960	160
45961	191
45962	20
45963	56
45964	35
45965	221
45966	49
45967	56
45968	6
45969	20
45970	12
45971	463
45972	248
45973	286
45974	219
45975	46
45976	130
45977	470
45978	383
45979	2
45980	221
45981	315
45982	657
45983	13
45984	107
45985	25
45986	10
45987	406
45988	358
45989	444
45990	26
45991	189
45992	252
45993	56
45994	38
45995	20
45996	190
45997	353
45998	197
45999	20
46000	169
46001	165
46002	18
46003	99
46004	35
46005	187
46006	0
46007	327
46008	314
46009	245
46010	59
46011	34
46012	120
46013	120
46014	294
46015	35
46016	315
46017	152
46018	86
46019	67
46020	546
46021	357
46022	357
46023	29
46024	94
46025	117
46026	125
46027	10
46028	308
46029	35
46030	550
46031	110
46032	35
46033	492
46034	177
46035	102
46036	108
46037	34
46038	98
46039	75
46040	4
46041	157
46042	238
46043	306
46044	10
46045	199
46046	4
46047	52
46048	313
46049	269
46050	45
46051	35
46052	72
46053	228
46054	56
46055	36
46056	10
46057	86
46058	482
46059	439
46060	291
46061	10
46062	15
46063	101
46064	35
46065	31
46066	4
46067	242
46068	232
46069	194
46070	4
46071	46
46072	467
46073	446
46074	127
46075	21
46076	20
46077	5
46078	127
46079	57
46080	240
46081	328
46082	98
46083	389
46084	80
46085	457
46086	395
46087	111
46088	382
46089	60
46090	41
46091	4
46092	203
46093	360
46094	31
46095	286
46096	20
46097	141
46098	31
46099	242
46100	36
46101	268
46102	68
46103	98
46104	471
46105	1
46106	292
46107	10
46108	54
46109	113
46110	265
46111	205
46112	44
46113	196
46114	56
46115	67
46116	4
46117	1
46118	93
46119	137
46120	519
46121	194
46122	56
46123	0
46124	20
46125	56
46126	307
46127	343
46128	57
46129	20
46130	350
46131	106
46132	21
46133	290
46134	236
46135	138
46136	255
46137	88
46138	35
46139	372
46140	136
46141	397
46142	258
46143	16
46144	441
46145	0
46146	1
46147	252
46148	486
46149	105
46150	69
46151	88
46152	64
46153	4
46154	374
46155	331
46156	87
46157	202
46158	88
46159	20
46160	301
46161	425
46162	375
46163	12
46164	344
46165	417
46166	56
46167	52
46168	208
46169	690
46170	176
46171	56
46172	323
46173	163
46174	79
46175	288
46176	73
46177	619
46178	0
46179	21
46180	246
46181	82
46182	335
46183	503
46184	23
46185	242
46186	250
46187	301
46188	0
46189	35
46190	120
46191	20
46192	165
46193	103
46194	179
46195	208
46196	13
46197	117
46198	74
46199	11
46200	194
46201	307
46202	82
46203	233
46204	84
46205	20
46206	133
46207	86
46208	427
46209	273
46210	140
46211	124
46212	258
46213	150
46214	310
46215	368
46216	720
46217	397
46218	88
46219	280
46220	370
46221	345
46222	4
46223	228
46224	264
46225	163
46226	19
46227	10
46228	233
46229	144
46230	0
46231	119
46232	265
46233	136
46234	284
46235	56
46236	120
46237	418
46238	365
46239	164
46240	9
46241	119
46242	8
46243	124
46244	386
46245	202
46246	74
46247	556
46248	286
46249	326
46250	21
46251	224
46252	20
46253	361
46254	20
46255	2
46256	1
46257	163
46258	83
46259	12
46260	137
46261	61
46262	11
46263	367
46264	481
46265	37
46266	405
46267	37
46268	311
46269	276
46270	199
46271	103
46272	55
46273	23
46274	292
46275	58
46276	206
46277	20
46278	392
46279	418
46280	236
46281	94
46282	83
46283	50
46284	316
46285	249
46286	172
46287	62
46288	10
46289	92
46290	497
46291	86
46292	334
46293	0
46294	244
46295	297
46296	310
46297	56
46298	38
46299	168
46300	58
46301	56
46302	329
46303	387
46304	93
46305	12
46306	10
46307	20
46308	145
46309	338
46310	56
46311	205
46312	44
46313	386
46314	638
46315	529
46316	23
46317	61
46318	85
46319	432
46320	10
46321	73
46322	28
46323	222
46324	48
46325	14
46326	145
46327	416
46328	147
46329	202
46330	202
46331	120
46332	142
46333	37
46334	13
46335	47
46336	278
46337	20
46338	56
46339	87
46340	84
46341	0
46342	435
46343	208
46344	159
46345	49
46346	433
46347	29
46348	404
46349	331
46350	120
46351	633
46352	35
46353	27
46354	0
46355	408
46356	321
46357	301
46358	153
46359	24
46360	202
46361	216
46362	226
46363	0
46364	684
46365	460
46366	327
46367	139
46368	167
46369	60
46370	37
46371	5
46372	359
46373	122
46374	20
46375	41
46376	1
46377	334
46378	353
46379	336
46380	10
46381	267
46382	16
46383	111
46384	128
46385	10
46386	339
46387	50
46388	128
46389	61
46390	73
46391	137
46392	30
46393	62
46394	212
46395	102
46396	120
46397	200
46398	20
46399	37
46400	4
46401	31
46402	580
46403	265
46404	38
46405	151
46406	340
46407	50
46408	244
46409	35
46410	200
46411	149
46412	226
46413	145
46414	224
46415	4
46416	0
46417	97
46418	1
46419	423
46420	69
46421	10
46422	22
46423	205
46424	6
46425	368
46426	105
46427	477
46428	67
46429	78
46430	280
46431	214
46432	169
46433	165
46434	204
46435	35
46436	207
46437	56
46438	170
46439	460
46440	244
46441	258
46442	181
46443	364
46444	351
46445	0
46446	22
46447	265
46448	378
46449	503
46450	35
