1	347
2	220
3	452
4	385
5	405
6	498
7	393
8	541
9	129
10	110
11	495
12	70
13	195
14	308
15	442
16	96
17	0
18	484
19	71
20	276
21	18
22	378
23	250
24	56
25	339
26	284
27	259
28	308
29	20
30	98
31	525
32	30
33	4
34	306
35	202
36	438
37	494
38	468
39	54
40	464
41	10
42	4
43	305
44	10
45	314
46	118
47	81
48	170
49	171
50	511
51	561
52	418
53	295
54	376
55	10
56	304
57	177
58	245
59	417
60	178
61	331
62	226
63	208
64	186
65	679
66	336
67	137
68	10
69	495
70	557
71	201
72	45
73	4
74	56
75	35
76	541
77	530
78	469
79	476
80	229
81	32
82	317
83	421
84	691
85	599
86	325
87	490
88	506
89	412
90	665
91	37
92	219
93	314
94	135
95	294
96	198
97	58
98	462
99	482
100	21
101	75
102	200
103	398
104	332
105	363
106	316
107	194
108	7
109	221
110	61
111	259
112	238
113	460
114	85
115	25
116	188
117	33
118	410
119	277
120	350
121	526
122	381
123	738
124	92
125	468
126	261
127	454
128	431
129	370
130	672
131	538
132	319
133	559
134	602
135	164
136	20
137	511
138	490
139	59
140	492
141	462
142	337
143	35
144	10
145	120
146	38
147	217
148	4
149	337
150	443
151	177
152	400
153	364
154	327
155	463
156	30
157	171
158	92
159	383
160	457
161	35
162	74
163	35
164	171
165	205
166	120
167	75
168	4
169	151
170	236
171	759
172	806
173	883
174	745
175	795
176	187
177	159
178	56
179	29
180	8
181	457
182	492
183	416
184	1
185	406
186	295
187	426
188	306
189	21
190	284
191	80
192	300
193	245
194	216
195	441
196	353
197	10
198	402
199	84
200	343
201	236
202	368
203	110
204	374
205	187
206	361
207	315
208	109
209	478
210	58
211	591
212	327
213	269
214	236
215	82
216	267
217	376
218	31
219	93
220	914
221	231
222	31
223	319
224	38
225	245
226	20
227	120
228	252
229	646
230	65
231	443
232	496
233	402
234	322
235	443
236	10
237	303
238	122
239	43
240	10
241	207
242	341
243	455
244	245
245	77
246	361
247	10
248	341
249	86
250	457
251	46
252	505
253	0
254	60
255	302
256	299
257	86
258	86
259	161
260	440
261	554
262	316
263	373
264	20
265	182
266	73
267	238
268	314
269	364
270	10
271	84
272	30
273	36
274	256
275	198
276	158
277	204
278	260
279	294
280	446
281	286
282	159
283	133
284	304
285	0
286	518
287	92
288	559
289	494
290	465
291	336
292	573
293	425
294	78
295	270
296	239
297	58
298	157
299	269
300	56
301	447
302	381
303	78
304	238
305	260
306	359
307	78
308	234
309	191
310	294
311	701
312	260
313	156
314	114
315	466
316	56
317	211
318	0
319	640
320	10
321	155
322	115
323	83
324	246
325	572
326	159
327	292
328	429
329	4
330	286
331	1
332	84
333	86
334	268
335	568
336	323
337	70
338	70
339	211
340	364
341	282
342	138
343	136
344	242
345	185
346	49
347	5
348	43
349	342
350	321
351	643
352	533
353	455
354	20
355	147
356	8
357	716
358	467
359	626
360	183
361	665
362	246
363	484
364	226
365	0
366	260
367	389
368	491
369	208
370	361
371	224
372	56
373	170
374	130
375	468
376	4
377	26
378	216
379	254
380	247
381	152
382	297
383	212
384	275
385	476
386	582
387	277
388	361
389	423
390	583
391	302
392	101
393	166
394	115
395	374
396	503
397	183
398	10
399	355
400	46
401	222
402	379
403	38
404	15
405	287
406	10
407	396
408	10
409	0
410	46
411	30
412	112
413	21
414	219
415	56
416	342
417	4
418	330
419	266
420	289
421	125
422	191
423	40
424	532
425	34
426	146
427	263
428	114
429	447
430	341
431	40
432	0
433	158
434	425
435	378
436	109
437	351
438	423
439	72
440	193
441	351
442	557
443	425
444	458
445	376
446	519
447	189
448	574
449	605
450	140
451	223
452	0
453	420
454	237
455	369
456	332
457	445
458	370
459	302
460	277
461	199
462	309
463	407
464	431
465	306
466	357
467	362
468	387
469	279
470	276
471	260
472	26
473	602
474	325
475	848
476	861
477	312
478	56
479	287
480	248
481	630
482	338
483	23
484	4
485	542
486	261
487	84
488	354
489	449
490	371
491	119
492	35
493	97
494	170
495	17
496	0
497	556
498	416
499	497
500	327
501	217
502	299
503	220
504	1
505	84
506	35
507	20
508	56
509	235
510	274
511	98
512	239
513	4
514	35
515	22
516	294
517	514
518	505
519	326
520	447
521	611
522	285
523	37
524	81
525	143
526	119
527	165
528	202
529	183
530	81
531	242
532	189
533	56
534	354
535	241
536	273
537	431
538	444
539	353
540	211
541	303
542	237
543	359
544	499
545	124
546	382
547	117
548	233
549	175
550	346
551	325
552	318
553	282
554	528
555	251
556	43
557	564
558	168
559	357
560	413
561	135
562	367
563	71
564	197
565	478
566	104
567	56
568	68
569	88
570	547
571	399
572	1
573	781
574	554
575	149
576	479
577	394
578	168
579	607
580	522
581	268
582	280
583	215
584	785
585	473
586	243
587	362
588	311
589	104
590	237
591	195
592	382
593	98
594	98
595	37
596	461
597	364
598	300
599	378
600	323
601	164
602	246
603	284
604	387
605	23
606	434
607	359
608	1
609	275
610	42
611	1
612	98
613	241
614	393
615	367
616	610
617	860
618	18
619	194
620	485
621	101
622	133
623	267
624	93
625	450
626	0
627	308
628	235
629	81
630	254
631	259
632	272
633	300
634	147
635	599
636	115
637	60
638	237
639	242
640	194
641	334
642	163
643	272
644	635
645	128
646	430
647	292
648	447
649	293
650	399
651	761
652	601
653	893
654	222
655	139
656	782
657	219
658	288
659	13
660	591
661	622
662	334
663	306
664	288
665	825
666	179
667	239
668	11
669	381
670	610
671	560
672	474
673	141
674	4
675	23
676	500
677	559
678	47
679	337
680	27
681	121
682	51
683	669
684	586
685	334
686	281
687	318
688	19
689	77
690	84
691	127
692	22
693	487
694	235
695	385
696	385
697	10
698	338
699	493
700	18
701	283
702	161
703	343
704	282
705	159
706	197
707	81
708	157
709	565
710	326
711	535
712	525
713	340
714	459
715	483
716	260
717	157
718	445
719	270
720	386
721	12
722	169
723	77
724	5
725	16
726	185
727	436
728	89
729	10
730	416
731	121
732	29
733	346
734	57
735	271
736	201
737	108
738	524
739	320
740	276
741	581
742	419
743	330
744	259
745	449
746	158
747	63
748	459
749	84
750	445
751	13
752	91
753	51
754	61
755	4
756	11
757	174
758	162
759	565
760	407
761	443
762	254
763	62
764	35
765	284
766	103
767	110
768	53
769	366
770	62
771	10
772	255
773	70
774	199
775	227
776	472
777	151
778	4
779	82
780	48
781	20
782	325
783	432
784	202
785	141
786	50
787	517
788	39
789	365
790	361
791	315
792	84
793	345
794	240
795	5
796	36
797	749
798	932
799	648
800	56
801	275
802	241
803	254
804	35
805	149
806	242
807	487
808	16
809	20
810	236
811	35
812	215
813	217
814	102
815	34
816	734
817	416
818	120
819	391
820	135
821	207
822	20
823	594
824	416
825	393
826	83
827	111
828	56
829	591
830	361
831	481
832	579
833	167
834	609
835	580
836	215
837	66
838	265
839	217
840	54
841	35
842	35
843	177
844	628
845	419
846	52
847	258
848	10
849	35
850	429
851	35
852	206
853	464
854	35
855	397
856	413
857	736
858	161
859	754
860	357
861	338
862	201
863	149
864	427
865	193
866	56
867	30
868	62
869	174
870	80
871	35
872	170
873	20
874	413
875	350
876	366
877	454
878	308
879	457
880	402
881	181
882	313
883	20
884	10
885	179
886	20
887	264
888	77
889	109
890	231
891	529
892	470
893	198
894	59
895	151
896	119
897	216
898	84
899	509
900	465
901	594
902	387
903	278
904	303
905	209
906	240
907	86
908	437
909	160
910	21
911	729
912	325
913	52
914	242
915	547
916	603
917	572
918	439
919	1
920	490
921	688
922	160
923	107
924	435
925	132
926	5
927	375
928	20
929	228
930	136
931	281
932	402
933	420
934	1
935	600
936	341
937	418
938	474
939	663
940	292
941	224
942	487
943	125
944	554
945	167
946	677
947	567
948	525
949	577
950	548
951	0
952	93
953	313
954	275
955	166
956	318
957	138
958	84
959	225
960	192
961	274
962	429
963	58
964	197
965	71
966	544
967	94
968	445
969	43
970	454
971	465
972	123
973	358
974	777
975	690
976	700
977	79
978	372
979	250
980	20
981	409
982	132
983	43
984	133
985	171
986	39
987	8
988	125
989	184
990	288
991	192
992	117
993	297
994	298
995	446
996	378
997	379
998	357
999	431
1000	528
1001	77
1002	347
1003	382
1004	106
1005	616
1006	622
1007	53
1008	366
1009	473
1010	374
1011	4
1012	477
1013	249
1014	201
1015	136
1016	188
1017	217
1018	231
1019	36
1020	540
1021	333
1022	489
1023	762
1024	86
1025	21
1026	21
1027	59
1028	575
1029	466
1030	174
1031	51
1032	648
1033	27
1034	199
1035	298
1036	414
1037	84
1038	500
1039	479
1040	420
1041	414
1042	370
1043	270
1044	122
1045	150
1046	222
1047	98
1048	184
1049	33
1050	337
1051	95
1052	247
1053	361
1054	4
1055	633
1056	52
1057	121
