90342	443
90343	445
90344	167
90345	381
90346	679
90347	244
90348	417
90349	295
90350	543
90351	335
90352	688
90353	785
90354	101
90355	527
90356	366
90357	653
90358	250
90359	314
90360	638
90361	910
90362	1055
90363	720
90364	315
90365	526
90366	747
90367	258
90368	573
90369	0
90370	309
90371	177
90372	633
90373	270
90374	464
90375	10
90376	486
90377	54
90378	103
90379	61
90380	645
90381	465
90382	2
90383	214
90384	658
90385	767
90386	0
90387	52
90388	302
90389	556
90390	704
90391	107
90392	32
90393	24
90394	946
90395	436
90396	744
90397	166
90398	315
90399	41
90400	415
90401	701
90402	594
90403	121
90404	703
90405	290
90406	406
90407	52
90408	13
90409	115
90410	426
90411	631
90412	17
90413	17
90414	442
90415	33
90416	274
90417	376
90418	800
90419	261
90420	434
90421	310
90422	687
90423	37
90424	9
90425	560
90426	314
90427	827
90428	444
90429	566
90430	418
90431	559
90432	572
90433	3
90434	354
90435	648
90436	337
90437	467
90438	68
90439	10
90440	95
90441	12
90442	475
90443	227
90444	630
90445	5
90446	373
90447	236
90448	418
90449	731
90450	1
90451	617
90452	556
90453	857
90454	843
90455	728
90456	351
90457	356
90458	40
90459	479
90460	260
90461	676
90462	84
90463	300
90464	763
90465	697
90466	898
90467	321
90468	92
90469	82
90470	795
90471	412
90472	1049
90473	502
90474	295
90475	10
90476	74
90477	64
90478	306
90479	402
90480	367
90481	626
90482	660
90483	40
90484	897
90485	656
90486	432
90487	707
90488	403
90489	13
90490	448
90491	879
90492	97
90493	227
90494	200
90495	285
90496	783
90497	756
90498	628
90499	419
90500	297
90501	323
90502	318
90503	226
90504	491
90505	165
90506	470
90507	275
90508	194
90509	87
90510	171
90511	189
90512	312
90513	267
90514	114
90515	459
90516	379
90517	84
90518	99
90519	627
90520	431
90521	458
90522	159
90523	12
90524	567
90525	452
90526	199
90527	20
90528	1181
90529	71
90530	583
90531	286
90532	582
90533	386
90534	71
90535	517
90536	300
90537	769
90538	798
90539	845
90540	654
90541	788
90542	91
90543	637
90544	313
90545	469
90546	363
90547	0
90548	517
90549	422
90550	621
90551	216
90552	545
90553	451
90554	77
90555	283
90556	355
90557	433
90558	783
90559	1267
90560	150
90561	651
90562	34
90563	41
90564	163
90565	529
90566	619
90567	211
90568	448
90569	673
90570	708
90571	355
90572	159
90573	748
90574	120
90575	439
90576	610
90577	562
90578	169
90579	484
90580	317
90581	503
90582	70
90583	291
90584	665
90585	512
90586	388
90587	470
90588	176
90589	371
90590	486
90591	606
90592	454
90593	270
90594	1
90595	12
90596	521
90597	220
90598	251
90599	31
90600	568
90601	157
90602	113
90603	467
90604	173
90605	849
90606	587
90607	214
90608	263
90609	433
90610	615
90611	125
90612	497
90613	7
90614	155
90615	477
90616	400
90617	2
90618	286
90619	545
90620	142
90621	47
90622	252
90623	255
90624	119
90625	234
90626	492
90627	67
90628	351
90629	469
90630	615
90631	0
90632	543
90633	33
90634	397
90635	218
90636	110
90637	615
90638	44
90639	674
90640	706
90641	426
90642	188
90643	600
90644	858
90645	286
90646	702
90647	22
90648	537
90649	38
90650	27
90651	315
90652	98
90653	744
90654	722
90655	221
90656	234
90657	349
90658	529
90659	499
90660	294
90661	1112
90662	810
90663	20
90664	407
90665	395
90666	182
90667	98
90668	560
90669	675
90670	0
90671	573
90672	410
90673	511
90674	69
90675	560
90676	10
90677	89
90678	726
90679	475
90680	711
90681	24
90682	691
90683	1023
90684	130
90685	543
90686	389
90687	1
90688	637
90689	102
90690	586
90691	165
90692	19
90693	623
90694	443
90695	469
90696	266
90697	582
90698	716
90699	236
90700	753
90701	410
90702	32
90703	448
90704	648
90705	494
90706	488
90707	12
90708	100
90709	212
90710	1123
90711	43
90712	59
90713	733
90714	116
90715	163
90716	636
90717	26
90718	780
90719	852
90720	381
90721	444
90722	598
90723	501
90724	423
90725	497
90726	40
90727	4
90728	753
90729	647
90730	824
90731	469
90732	568
90733	836
90734	1023
90735	250
90736	488
90737	42
90738	98
90739	241
90740	12
90741	610
90742	712
90743	540
90744	210
90745	61
90746	716
90747	394
90748	431
90749	475
90750	171
90751	443
90752	14
90753	899
90754	396
90755	81
90756	282
90757	281
90758	570
90759	2
90760	303
90761	115
90762	534
90763	551
90764	32
90765	426
90766	222
90767	22
90768	688
90769	4
90770	534
90771	659
90772	276
90773	411
90774	1
90775	99
90776	513
90777	319
90778	287
90779	47
90780	738
90781	154
90782	134
90783	2
90784	10
90785	211
90786	710
90787	203
90788	306
90789	104
90790	642
90791	4
90792	122
90793	1
90794	503
90795	168
90796	578
90797	590
90798	881
90799	1049
90800	228
90801	345
90802	544
90803	475
90804	228
90805	0
90806	589
90807	396
90808	334
90809	510
90810	174
90811	621
90812	362
90813	296
90814	402
90815	655
90816	825
90817	438
90818	490
90819	309
90820	0
90821	317
90822	86
90823	341
90824	35
90825	10
90826	412
90827	252
90828	197
90829	273
90830	423
90831	135
90832	416
90833	0
90834	556
90835	0
90836	517
90837	388
90838	430
90839	646
90840	472
90841	589
90842	970
90843	408
90844	640
90845	960
90846	522
90847	342
90848	106
90849	739
90850	345
90851	56
90852	194
90853	420
90854	543
90855	248
90856	50
90857	481
90858	760
90859	5
90860	501
90861	64
90862	831
90863	433
90864	952
90865	264
90866	407
90867	641
90868	412
90869	445
90870	1020
90871	493
90872	35
90873	0
90874	552
90875	999
90876	424
90877	443
90878	463
90879	146
90880	178
90881	572
90882	453
90883	623
90884	254
90885	0
90886	524
90887	891
90888	0
90889	747
90890	586
90891	95
90892	434
90893	5
90894	61
90895	151
90896	391
90897	163
90898	386
90899	52
90900	139
90901	341
90902	4
90903	10
90904	2
90905	163
90906	513
90907	96
90908	0
90909	388
90910	464
90911	803
90912	32
90913	13
90914	57
90915	754
90916	27
90917	613
90918	381
90919	189
90920	35
90921	699
90922	136
90923	371
90924	259
90925	119
90926	0
90927	794
90928	670
90929	24
90930	457
90931	536
90932	487
90933	256
90934	179
90935	0
90936	460
90937	474
90938	679
90939	935
90940	58
90941	581
90942	458
90943	482
90944	728
90945	857
90946	822
90947	627
90948	20
90949	701
90950	259
90951	451
90952	182
90953	0
90954	297
90955	335
90956	696
90957	400
90958	495
90959	254
90960	652
90961	82
90962	487
90963	242
90964	512
90965	880
90966	414
90967	805
90968	794
90969	0
90970	524
90971	381
90972	637
90973	955
90974	440
90975	133
90976	674
90977	179
90978	316
90979	0
90980	867
90981	773
90982	1153
90983	10
90984	254
90985	373
90986	258
90987	546
90988	614
90989	1029
90990	830
90991	558
90992	22
90993	0
90994	728
90995	101
90996	846
90997	303
90998	544
90999	11
91000	647
91001	377
91002	723
91003	604
91004	324
91005	687
91006	48
91007	196
91008	14
91009	723
91010	628
91011	260
91012	856
91013	183
91014	17
91015	582
91016	817
91017	28
91018	638
91019	869
91020	0
91021	390
91022	521
91023	0
91024	548
91025	551
91026	339
91027	224
91028	420
91029	191
91030	697
91031	266
91032	286
91033	526
91034	93
91035	617
91036	72
91037	50
91038	42
91039	63
91040	6
91041	241
91042	618
91043	192
91044	191
91045	710
91046	353
91047	406
91048	366
91049	442
91050	211
91051	0
91052	780
91053	92
91054	592
91055	616
91056	1003
91057	22
91058	317
91059	26
91060	541
91061	1120
91062	202
91063	1148
91064	339
91065	262
91066	395
91067	10
91068	694
91069	245
91070	441
91071	546
91072	744
91073	376
91074	42
91075	18
91076	602
91077	516
91078	320
91079	419
91080	441
91081	257
91082	482
91083	129
91084	314
