55022	75
55023	12
55024	176
55025	291
55026	523
55027	120
55028	167
55029	646
55030	87
55031	436
55032	4
55033	226
55034	172
55035	853
55036	176
55037	463
55038	446
55039	141
55040	96
55041	743
55042	367
55043	405
55044	514
55045	51
55046	207
55047	527
55048	501
55049	20
55050	402
55051	1065
55052	1009
55053	672
55054	906
55055	338
55056	218
55057	266
55058	453
55059	285
55060	77
55061	245
55062	308
55063	259
55064	90
55065	84
55066	304
55067	330
55068	397
55069	574
55070	249
55071	216
55072	521
55073	4
55074	278
55075	700
55076	58
55077	511
55078	710
55079	493
55080	422
55081	597
55082	0
55083	715
55084	57
55085	383
55086	250
55087	56
55088	703
55089	227
55090	641
55091	423
55092	419
55093	253
55094	606
55095	501
55096	8
55097	429
55098	143
55099	535
55100	406
55101	790
55102	278
55103	324
55104	337
55105	443
55106	631
55107	281
55108	366
55109	247
55110	608
55111	136
55112	584
55113	291
55114	416
55115	359
55116	821
55117	493
55118	84
55119	512
55120	207
55121	63
55122	504
55123	464
55124	375
55125	238
55126	561
55127	151
55128	419
55129	149
55130	776
55131	55
55132	22
55133	850
55134	2
55135	474
55136	296
55137	42
55138	155
55139	395
55140	373
55141	806
55142	420
55143	506
55144	796
55145	773
55146	703
55147	825
55148	946
55149	901
55150	41
55151	4
55152	686
55153	428
55154	482
55155	770
55156	870
55157	508
55158	379
55159	559
55160	163
55161	891
55162	685
55163	322
55164	393
55165	274
55166	323
55167	327
55168	205
55169	97
55170	344
55171	388
55172	56
55173	386
55174	359
55175	182
55176	17
55177	153
55178	435
55179	377
55180	597
55181	327
55182	20
55183	199
55184	178
55185	293
55186	140
55187	99
55188	349
55189	155
55190	257
55191	338
55192	544
55193	338
55194	531
55195	602
55196	92
55197	102
55198	533
55199	457
55200	41
55201	421
55202	586
55203	440
55204	530
55205	339
55206	363
55207	459
55208	137
55209	575
55210	597
55211	584
55212	668
55213	433
55214	758
55215	124
55216	245
55217	307
55218	362
55219	449
55220	167
55221	280
55222	141
55223	56
55224	273
55225	600
55226	452
55227	430
55228	539
55229	173
55230	304
55231	294
55232	643
55233	600
55234	627
55235	371
55236	554
55237	308
55238	229
55239	325
55240	493
55241	507
55242	502
55243	47
55244	666
55245	611
55246	516
55247	756
55248	923
55249	672
55250	854
55251	825
55252	829
55253	574
55254	572
55255	674
55256	610
55257	545
55258	258
55259	617
55260	293
55261	110
55262	410
55263	382
55264	565
55265	333
55266	642
55267	346
55268	497
55269	301
55270	53
55271	165
55272	247
55273	101
55274	47
55275	82
55276	309
55277	458
55278	778
55279	189
55280	81
55281	559
55282	567
55283	11
55284	143
55285	610
55286	404
55287	341
55288	516
55289	852
55290	962
55291	1155
55292	256
55293	526
55294	536
55295	447
55296	220
55297	5
55298	295
55299	464
55300	661
55301	550
55302	322
55303	524
55304	201
55305	138
55306	721
55307	405
55308	157
55309	694
55310	953
55311	201
55312	199
55313	464
55314	129
55315	268
55316	214
55317	728
55318	584
55319	674
55320	482
55321	263
55322	426
55323	2
55324	453
55325	245
55326	35
55327	153
55328	579
55329	270
55330	431
55331	801
55332	688
55333	445
55334	20
55335	358
55336	20
55337	138
55338	166
55339	614
55340	35
55341	491
55342	636
55343	159
55344	499
55345	237
55346	395
55347	240
55348	197
55349	67
55350	212
55351	41
55352	333
55353	510
55354	601
55355	306
55356	424
55357	496
55358	389
55359	75
55360	383
55361	443
55362	176
55363	687
55364	280
55365	20
55366	487
55367	313
55368	568
55369	414
55370	387
55371	659
55372	611
55373	0
55374	11
55375	785
55376	325
55377	364
55378	425
55379	463
55380	259
55381	442
55382	0
55383	444
55384	448
55385	482
55386	485
55387	0
55388	84
55389	175
55390	578
55391	468
55392	304
55393	623
55394	435
55395	587
55396	556
55397	354
55398	224
55399	474
55400	460
55401	615
55402	332
55403	440
55404	302
55405	23
55406	353
55407	228
55408	62
55409	454
55410	241
55411	263
55412	519
55413	460
55414	586
55415	335
55416	122
55417	523
55418	1011
55419	1175
55420	914
55421	1055
55422	719
55423	258
55424	625
55425	337
55426	439
55427	162
55428	597
55429	562
55430	263
55431	199
55432	56
55433	270
55434	412
55435	328
55436	471
55437	652
55438	720
55439	523
55440	428
55441	278
55442	50
55443	750
55444	295
55445	21
55446	638
55447	392
55448	378
55449	170
55450	4
55451	1001
55452	331
55453	480
55454	4
55455	76
55456	875
55457	35
55458	662
55459	520
55460	606
55461	109
55462	130
55463	469
55464	344
55465	246
55466	792
55467	418
55468	535
55469	371
55470	317
55471	660
55472	671
55473	736
55474	424
55475	370
55476	571
55477	10
55478	319
55479	626
55480	279
55481	386
55482	412
55483	160
55484	364
55485	510
55486	284
55487	605
55488	256
55489	304
55490	84
55491	331
55492	309
55493	405
55494	120
55495	278
55496	238
55497	453
55498	283
55499	40
55500	462
55501	367
55502	492
55503	729
55504	339
55505	392
55506	777
55507	343
55508	329
55509	604
55510	168
55511	219
55512	326
55513	351
55514	555
55515	645
55516	450
55517	474
55518	769
55519	471
55520	355
55521	823
55522	702
55523	268
55524	122
55525	123
55526	512
55527	668
55528	618
55529	687
55530	515
55531	387
55532	763
55533	848
55534	707
55535	735
55536	376
55537	619
55538	724
55539	410
55540	686
55541	685
55542	554
55543	595
55544	262
55545	388
55546	522
55547	376
55548	756
55549	913
55550	67
55551	514
55552	464
55553	548
55554	32
55555	36
55556	778
55557	408
55558	166
55559	39
55560	541
55561	848
55562	490
55563	535
55564	460
55565	27
55566	312
55567	579
55568	58
55569	173
55570	418
55571	684
55572	56
55573	206
55574	39
55575	74
55576	354
55577	602
55578	437
55579	758
55580	528
55581	602
55582	328
55583	505
55584	171
55585	330
55586	288
55587	372
55588	520
55589	356
55590	83
55591	328
55592	535
55593	293
55594	605
55595	626
55596	541
55597	429
55598	602
55599	328
55600	207
55601	605
55602	473
55603	433
55604	328
55605	480
55606	141
55607	112
55608	309
55609	346
55610	193
55611	696
55612	762
55613	537
55614	35
55615	590
55616	597
55617	195
55618	362
55619	0
55620	327
55621	322
55622	365
55623	296
55624	310
55625	521
55626	340
55627	692
55628	97
55629	615
55630	458
55631	367
55632	205
55633	168
55634	381
55635	279
55636	132
55637	323
55638	737
55639	536
55640	388
55641	210
55642	686
55643	683
55644	566
55645	603
55646	169
55647	328
55648	436
55649	540
55650	170
55651	462
55652	62
55653	589
55654	599
55655	272
55656	56
55657	181
55658	298
55659	618
55660	192
55661	68
55662	162
55663	330
55664	177
55665	934
55666	319
55667	601
55668	623
55669	546
55670	546
55671	276
55672	424
55673	84
55674	234
55675	382
55676	232
55677	567
55678	594
55679	305
55680	188
55681	478
55682	704
55683	229
55684	339
55685	379
55686	231
55687	715
55688	438
55689	611
55690	473
55691	231
55692	427
55693	442
55694	42
55695	283
55696	226
55697	35
55698	429
55699	819
55700	814
55701	762
55702	438
55703	548
55704	253
55705	590
55706	272
55707	472
55708	607
55709	388
55710	554
55711	531
55712	326
55713	457
55714	610
55715	305
55716	356
55717	677
55718	700
55719	405
55720	216
55721	20
55722	447
55723	544
55724	347
55725	74
55726	342
55727	283
55728	823
55729	208
55730	655
55731	169
55732	342
55733	325
55734	388
55735	700
55736	431
55737	383
55738	510
55739	635
55740	120
55741	652
55742	713
55743	56
55744	224
55745	157
55746	591
55747	12
55748	421
55749	602
55750	955
55751	965
55752	859
55753	621
55754	406
55755	609
55756	784
55757	842
55758	357
55759	124
55760	300
55761	345
55762	283
55763	455
55764	398
55765	276
55766	419
55767	585
55768	692
55769	442
55770	158
55771	551
55772	364
55773	428
55774	152
55775	652
55776	329
55777	570
55778	229
55779	604
55780	99
55781	355
55782	244
55783	175
55784	287
55785	362
55786	423
55787	698
55788	693
55789	451
55790	279
55791	535
55792	361
55793	413
55794	356
55795	302
55796	747
55797	506
55798	432
55799	1107
55800	604
55801	188
55802	417
55803	137
55804	300
55805	513
55806	648
55807	57
55808	359
55809	419
55810	278
55811	247
55812	744
55813	302
55814	113
55815	655
55816	165
55817	415
55818	596
55819	226
55820	400
55821	801
55822	332
55823	673
55824	89
55825	268
55826	368
55827	611
55828	559
55829	452
55830	385
55831	4
55832	583
55833	26
55834	195
55835	325
55836	153
55837	769
55838	826
55839	708
55840	226
55841	387
55842	253
55843	121
55844	20
55845	801
55846	703
55847	62
55848	86
55849	437
55850	385
55851	155
55852	680
55853	564
55854	527
55855	556
55856	650
55857	512
55858	450
55859	626
55860	496
55861	538
55862	445
55863	34
55864	497
55865	399
55866	723
55867	665
55868	620
55869	405
55870	84
55871	277
55872	112
55873	394
55874	426
55875	11
55876	4
55877	574
55878	748
55879	200
55880	367
55881	478
55882	466
55883	295
55884	551
55885	87
55886	4
55887	202
55888	697
55889	676
55890	623
55891	336
55892	537
55893	330
55894	218
55895	840
55896	579
55897	405
55898	764
55899	465
55900	237
55901	251
55902	1
55903	35
55904	219
55905	347
55906	175
55907	628
55908	272
55909	204
55910	289
55911	553
55912	282
55913	372
55914	521
55915	214
55916	283
55917	195
55918	311
55919	434
55920	346
55921	374
55922	242
55923	733
55924	480
55925	121
55926	56
55927	736
55928	316
55929	98
55930	205
55931	231
55932	164
55933	114
55934	475
55935	78
55936	679
55937	367
55938	254
55939	284
55940	234
55941	41
55942	425
55943	496
55944	397
55945	58
55946	656
55947	284
55948	483
55949	608
55950	238
55951	690
55952	877
55953	37
55954	774
55955	195
55956	303
55957	458
55958	327
55959	390
55960	122
55961	231
55962	654
55963	468
55964	214
55965	537
55966	828
55967	620
55968	893
55969	732
55970	400
55971	594
55972	30
55973	608
55974	116
55975	495
55976	428
55977	906
55978	263
55979	691
55980	646
55981	769
55982	162
55983	578
55984	259
55985	718
55986	435
55987	507
55988	635
55989	289
55990	97
55991	488
55992	541
55993	698
55994	577
55995	453
55996	0
55997	687
55998	770
55999	668
56000	58
56001	346
56002	201
56003	218
56004	1
56005	630
56006	229
56007	528
56008	30
56009	491
56010	437
56011	392
56012	319
56013	35
56014	127
56015	84
56016	157
56017	543
56018	84
56019	217
56020	285
56021	406
56022	173
56023	430
56024	229
56025	0
56026	505
56027	183
56028	573
56029	612
56030	585
56031	452
56032	565
56033	93
56034	911
56035	139
56036	794
56037	571
56038	174
56039	359
56040	127
56041	772
56042	368
56043	98
56044	951
56045	315
56046	199
56047	424
56048	420
56049	484
56050	307
56051	373
56052	80
56053	117
56054	58
56055	228
56056	434
56057	5
56058	512
56059	528
56060	255
56061	814
56062	976
56063	633
56064	349
56065	385
56066	84
56067	426
56068	0
56069	295
56070	481
56071	371
56072	399
56073	476
56074	543
56075	340
56076	284
56077	268
56078	514
56079	556
56080	475
56081	328
56082	530
56083	104
56084	545
56085	830
56086	712
56087	278
56088	0
56089	835
56090	586
56091	373
56092	170
56093	532
56094	323
56095	84
56096	558
56097	46
56098	552
56099	491
56100	763
56101	310
56102	334
56103	214
56104	794
56105	219
56106	382
56107	201
56108	422
56109	581
56110	925
56111	120
56112	20
56113	306
56114	369
56115	420
56116	468
56117	532
56118	56
56119	131
56120	264
56121	571
56122	607
56123	163
56124	407
56125	123
56126	365
56127	220
56128	742
56129	919
56130	958
56131	514
56132	266
56133	412
56134	195
56135	617
56136	578
56137	714
56138	457
56139	96
56140	491
56141	661
56142	568
56143	33
56144	530
56145	316
56146	371
56147	239
56148	682
56149	432
56150	4
56151	611
56152	625
56153	196
56154	97
56155	589
56156	100
56157	423
56158	571
56159	153
56160	155
56161	418
56162	224
56163	585
56164	786
56165	724
56166	1097
56167	1060
56168	487
56169	850
56170	455
56171	165
56172	320
56173	452
56174	456
56175	621
56176	532
56177	434
56178	668
56179	724
56180	641
56181	497
56182	0
56183	677
56184	663
56185	457
56186	606
56187	396
56188	546
56189	343
56190	583
56191	363
56192	4
56193	308
56194	544
56195	486
56196	720
56197	733
56198	138
56199	84
56200	373
56201	668
56202	165
56203	548
56204	831
56205	452
56206	35
56207	209
56208	632
56209	365
56210	501
56211	314
56212	432
56213	524
56214	481
56215	193
56216	314
56217	534
56218	526
56219	899
56220	10
56221	439
56222	522
56223	656
56224	667
56225	782
56226	688
56227	133
56228	97
56229	614
56230	63
56231	443
56232	519
56233	312
56234	413
56235	90
56236	641
56237	547
56238	366
56239	100
56240	384
56241	311
56242	200
56243	512
56244	75
56245	408
56246	607
56247	648
56248	255
56249	73
56250	23
56251	442
56252	401
56253	251
56254	636
56255	0
56256	873
56257	655
56258	660
56259	767
56260	507
56261	265
56262	476
56263	176
56264	276
56265	886
56266	975
56267	850
56268	997
56269	833
56270	406
56271	7
56272	299
56273	577
56274	582
56275	249
56276	261
56277	336
56278	551
56279	38
56280	753
56281	513
56282	384
56283	327
56284	881
56285	169
56286	682
56287	58
56288	309
56289	244
56290	318
56291	441
56292	378
56293	368
56294	67
56295	392
56296	86
56297	753
56298	258
56299	444
56300	311
56301	554
56302	442
56303	390
56304	290
56305	546
56306	272
56307	242
56308	411
56309	261
56310	275
56311	260
56312	180
56313	551
56314	572
56315	652
56316	436
56317	408
56318	594
56319	170
56320	356
56321	616
56322	644
56323	616
56324	592
56325	712
56326	276
56327	625
56328	589
56329	368
56330	282
56331	244
56332	135
56333	418
56334	764
56335	818
56336	84
56337	451
56338	240
56339	460
56340	288
56341	602
56342	447
56343	507
56344	56
56345	422
56346	554
56347	308
56348	211
56349	220
56350	564
56351	470
56352	20
56353	179
56354	38
56355	35
56356	559
56357	103
56358	45
56359	466
56360	725
56361	743
56362	582
56363	103
56364	291
56365	190
56366	37
56367	337
56368	187
56369	602
56370	606
56371	569
56372	609
56373	638
56374	10
56375	466
56376	457
56377	453
56378	911
56379	567
56380	458
56381	275
56382	263
56383	442
56384	244
56385	20
56386	4
56387	860
56388	424
56389	849
56390	1020
56391	750
56392	57
56393	346
56394	425
56395	568
56396	233
56397	548
56398	518
56399	467
56400	745
56401	382
56402	86
56403	335
56404	370
56405	398
56406	651
56407	689
56408	546
56409	504
56410	171
56411	293
56412	202
56413	509
56414	399
56415	543
56416	808
56417	641
56418	1
56419	432
56420	587
56421	662
56422	492
56423	123
56424	370
56425	309
56426	428
56427	68
56428	581
56429	398
56430	434
56431	194
56432	42
56433	519
56434	84
56435	114
56436	385
56437	268
56438	429
56439	252
56440	484
56441	351
56442	554
56443	520
56444	468
56445	342
56446	453
56447	370
56448	392
56449	593
56450	647
56451	584
56452	0
56453	426
56454	536
56455	417
56456	315
56457	661
56458	526
56459	409
56460	75
56461	20
56462	505
56463	551
56464	690
56465	570
56466	661
56467	134
56468	423
56469	167
56470	180
56471	747
56472	685
56473	707
56474	852
56475	931
56476	56
56477	94
56478	466
56479	586
56480	507
56481	348
56482	713
56483	280
56484	792
56485	694
56486	489
56487	363
56488	362
56489	155
56490	135
56491	134
56492	339
56493	218
56494	948
56495	620
56496	933
56497	535
56498	671
56499	565
56500	691
56501	517
56502	658
56503	665
56504	398
56505	506
56506	492
56507	368
56508	695
56509	842
56510	321
56511	70
56512	746
56513	168
56514	114
56515	825
56516	380
56517	440
56518	466
56519	869
56520	97
56521	605
56522	652
56523	560
56524	726
56525	504
56526	98
56527	669
56528	554
56529	337
56530	11
56531	145
56532	558
56533	281
56534	365
56535	350
56536	248
56537	496
56538	573
56539	463
56540	14
56541	644
56542	115
56543	127
56544	199
56545	185
56546	157
56547	550
56548	295
56549	122
56550	410
56551	462
56552	720
56553	653
56554	674
56555	634
56556	597
56557	394
56558	555
56559	520
56560	35
56561	243
56562	98
56563	225
56564	299
56565	291
56566	163
56567	506
56568	399
56569	394
56570	530
56571	517
56572	422
56573	125
56574	409
56575	35
56576	607
56577	556
56578	521
56579	597
56580	271
56581	289
56582	397
56583	34
56584	258
56585	763
56586	593
56587	263
56588	37
56589	83
56590	627
56591	474
56592	398
56593	477
56594	548
56595	395
56596	505
56597	58
56598	371
56599	22
56600	422
56601	314
56602	876
56603	35
56604	516
56605	715
56606	722
56607	145
56608	178
56609	367
56610	688
56611	40
56612	469
56613	247
56614	752
56615	607
56616	415
56617	35
56618	822
56619	354
56620	518
56621	485
56622	637
56623	84
56624	280
56625	155
56626	41
56627	501
56628	821
56629	295
56630	359
56631	456
56632	408
56633	321
56634	468
56635	449
56636	489
56637	101
56638	445
56639	86
56640	384
56641	47
56642	392
56643	498
56644	522
56645	35
56646	81
56647	565
56648	536
56649	634
56650	535
56651	148
56652	522
56653	680
56654	145
56655	81
56656	9
56657	668
56658	372
56659	228
56660	149
56661	667
56662	779
56663	735
56664	291
56665	522
56666	648
56667	740
56668	10
56669	366
56670	200
56671	445
56672	543
56673	173
56674	56
56675	216
56676	696
56677	405
56678	489
56679	900
56680	663
56681	508
56682	427
56683	667
56684	632
56685	1274
56686	324
56687	35
56688	4
56689	49
56690	435
56691	484
56692	188
56693	180
56694	451
56695	408
56696	136
56697	412
56698	216
56699	93
56700	15
56701	267
56702	379
56703	92
56704	60
56705	362
56706	602
56707	842
56708	621
56709	373
56710	20
56711	598
56712	122
56713	750
56714	76
56715	167
56716	536
56717	505
56718	656
56719	322
56720	60
56721	806
56722	1012
56723	646
56724	693
56725	516
56726	319
56727	5
56728	584
56729	317
56730	324
56731	683
56732	480
56733	626
56734	417
56735	698
56736	447
56737	35
56738	528
56739	484
56740	36
56741	419
56742	650
56743	576
56744	45
56745	252
56746	503
56747	495
56748	342
56749	744
56750	39
56751	504
56752	505
56753	601
56754	431
56755	316
56756	358
56757	325
56758	411
56759	419
56760	451
56761	486
56762	33
56763	371
56764	636
56765	281
56766	221
56767	87
56768	332
56769	442
56770	537
56771	413
56772	244
56773	116
56774	307
56775	308
56776	308
56777	502
56778	525
56779	440
56780	324
56781	331
56782	241
56783	374
56784	624
56785	276
56786	35
56787	390
56788	356
56789	145
56790	552
56791	267
56792	512
56793	632
56794	417
56795	428
56796	62
56797	432
56798	410
56799	155
56800	179
56801	533
56802	275
56803	641
56804	598
56805	668
56806	799
56807	81
56808	565
56809	574
56810	229
56811	801
56812	456
56813	315
56814	181
56815	450
56816	375
56817	481
56818	206
56819	955
56820	492
56821	395
56822	20
56823	132
56824	395
56825	181
56826	563
56827	88
56828	535
56829	317
56830	422
56831	316
56832	546
56833	4
56834	462
56835	273
56836	344
56837	20
56838	610
56839	626
56840	582
56841	199
56842	35
56843	366
56844	461
56845	350
56846	263
56847	393
56848	289
56849	128
56850	343
56851	392
56852	730
56853	822
56854	303
56855	382
56856	377
56857	1039
56858	245
56859	294
56860	275
56861	332
56862	369
56863	492
56864	54
56865	369
56866	609
56867	18
56868	712
56869	104
56870	74
56871	194
56872	56
56873	767
56874	189
56875	421
56876	541
56877	386
56878	344
56879	450
56880	506
56881	131
56882	367
56883	301
56884	446
56885	331
56886	464
56887	76
56888	211
56889	417
56890	161
56891	76
56892	457
56893	593
56894	56
56895	217
56896	650
56897	448
56898	528
56899	101
56900	153
56901	686
56902	727
56903	815
56904	498
56905	35
56906	170
56907	345
56908	252
56909	257
56910	649
56911	744
56912	540
56913	593
56914	638
56915	505
56916	115
56917	122
56918	303
56919	213
56920	640
56921	390
56922	594
56923	340
56924	723
56925	734
56926	647
56927	663
56928	484
56929	165
56930	658
56931	694
56932	89
56933	715
56934	823
56935	416
56936	433
56937	120
56938	557
56939	754
56940	516
56941	566
56942	303
56943	551
56944	1056
56945	569
56946	85
56947	151
56948	1062
56949	903
56950	704
56951	183
56952	739
56953	22
56954	347
56955	85
56956	58
56957	166
56958	562
56959	461
56960	210
56961	361
56962	383
56963	360
56964	1
56965	421
56966	215
56967	548
56968	363
56969	181
56970	527
56971	518
56972	572
56973	139
56974	829
56975	153
56976	385
56977	630
56978	407
56979	625
56980	345
56981	58
56982	339
56983	376
56984	306
56985	398
56986	353
56987	363
56988	202
56989	272
56990	437
56991	523
56992	133
56993	407
56994	374
56995	729
56996	346
56997	358
56998	577
56999	339
57000	475
57001	349
57002	36
57003	480
57004	142
57005	568
57006	578
57007	362
57008	621
57009	254
57010	311
57011	370
57012	326
57013	156
57014	692
57015	369
57016	569
57017	354
57018	323
57019	604
57020	560
57021	482
57022	206
57023	562
57024	273
57025	144
57026	226
57027	659
57028	625
57029	439
57030	538
57031	368
57032	528
57033	485
57034	294
57035	262
57036	718
57037	848
57038	742
57039	456
57040	269
57041	35
57042	120
57043	298
57044	596
57045	195
57046	539
57047	461
57048	303
57049	523
57050	783
57051	658
57052	146
57053	269
57054	700
57055	745
57056	329
57057	365
57058	365
57059	544
57060	642
57061	320
57062	386
57063	123
57064	376
57065	173
57066	174
57067	107
57068	381
57069	154
57070	605
57071	783
57072	363
57073	293
57074	794
57075	730
57076	808
57077	143
57078	491
57079	91
57080	424
57081	586
57082	319
57083	386
57084	546
57085	303
57086	603
57087	530
57088	481
57089	186
57090	389
57091	585
57092	165
57093	558
57094	624
57095	951
57096	291
57097	491
57098	123
57099	232
57100	156
57101	392
57102	513
57103	471
57104	173
57105	100
57106	593
57107	174
57108	131
57109	580
57110	225
57111	219
57112	422
57113	180
57114	253
57115	510
57116	816
57117	186
57118	348
57119	338
57120	532
57121	145
57122	252
57123	37
57124	1
57125	455
57126	364
57127	372
57128	546
57129	376
57130	229
57131	358
57132	293
57133	427
57134	429
57135	421
57136	218
57137	503
57138	471
57139	720
57140	334
57141	506
57142	763
57143	278
57144	302
57145	386
57146	1050
57147	241
57148	559
57149	1275
57150	210
57151	537
57152	356
57153	540
57154	799
57155	742
57156	456
57157	519
57158	519
57159	77
57160	314
57161	171
57162	706
57163	120
57164	437
57165	183
57166	73
57167	35
57168	86
57169	122
57170	428
57171	380
57172	95
57173	528
57174	465
57175	628
57176	10
57177	392
57178	45
57179	720
57180	58
57181	379
57182	455
57183	230
57184	502
57185	63
57186	344
57187	93
57188	495
57189	541
57190	516
57191	647
57192	103
57193	249
57194	301
57195	288
57196	433
57197	569
57198	398
57199	594
57200	215
57201	659
57202	455
57203	20
57204	57
57205	441
57206	172
57207	572
57208	4
57209	379
57210	348
57211	592
57212	461
57213	164
57214	705
57215	622
57216	817
57217	516
57218	707
57219	542
57220	215
57221	140
57222	415
57223	523
57224	120
57225	461
57226	414
57227	628
57228	400
57229	174
57230	621
57231	679
57232	701
57233	34
57234	90
57235	0
57236	727
57237	494
57238	616
57239	282
57240	10
57241	480
