73580	413
73581	479
73582	99
73583	207
73584	367
73585	483
73586	281
73587	533
73588	18
73589	514
73590	590
73591	332
73592	0
73593	743
73594	348
73595	2
73596	451
73597	61
73598	980
73599	598
73600	5
73601	301
73602	5
73603	107
73604	572
73605	591
73606	27
73607	400
73608	785
73609	888
73610	732
73611	556
73612	702
73613	0
73614	499
73615	588
73616	576
73617	749
73618	259
73619	59
73620	49
73621	375
73622	703
73623	247
73624	15
73625	398
73626	12
73627	0
73628	528
73629	738
73630	626
73631	639
73632	259
73633	415
73634	165
73635	385
73636	678
73637	1001
73638	526
73639	554
73640	94
73641	529
73642	38
73643	69
73644	267
73645	12
73646	386
73647	613
73648	133
73649	357
73650	497
73651	485
73652	1005
73653	536
73654	194
73655	316
73656	329
73657	0
73658	348
73659	93
73660	0
73661	62
73662	622
73663	223
73664	354
73665	493
73666	577
73667	27
73668	801
73669	605
73670	5
73671	490
73672	2
73673	488
73674	216
73675	2
73676	553
73677	112
73678	463
73679	36
73680	15
73681	536
73682	734
73683	367
73684	513
73685	271
73686	0
73687	24
73688	358
73689	1034
73690	104
73691	737
73692	61
73693	49
73694	520
73695	10
73696	57
73697	49
73698	763
73699	799
73700	465
73701	189
73702	118
73703	202
73704	597
73705	653
73706	707
73707	608
73708	734
73709	163
73710	437
73711	481
73712	7
73713	70
73714	13
73715	1
73716	238
73717	768
73718	483
73719	359
73720	0
73721	514
73722	433
73723	109
73724	0
73725	645
73726	733
73727	3
73728	478
73729	195
73730	298
73731	183
73732	0
73733	427
73734	0
73735	30
73736	226
73737	708
73738	146
73739	608
73740	649
73741	609
73742	579
73743	314
73744	359
73745	749
73746	68
73747	96
73748	0
73749	22
73750	280
73751	436
73752	545
73753	519
73754	261
73755	459
73756	570
73757	291
73758	156
73759	467
73760	99
73761	651
73762	244
73763	516
73764	533
73765	0
73766	380
73767	0
73768	22
73769	636
73770	0
73771	107
73772	727
73773	466
73774	649
73775	21
73776	10
73777	370
73778	12
73779	2
73780	746
73781	386
73782	639
73783	145
73784	11
73785	0
73786	307
73787	268
73788	428
73789	334
73790	592
73791	218
73792	277
73793	3
73794	790
73795	651
73796	46
73797	264
73798	225
73799	829
73800	977
73801	524
73802	634
73803	818
73804	804
73805	163
73806	241
73807	488
73808	170
73809	750
73810	376
73811	94
73812	21
73813	457
73814	101
73815	2
73816	516
73817	94
73818	225
73819	482
73820	254
73821	68
73822	132
73823	189
73824	606
73825	357
73826	244
73827	1227
73828	431
73829	859
73830	390
73831	292
73832	181
73833	92
73834	324
73835	235
73836	681
73837	244
73838	7
73839	458
73840	366
73841	24
73842	1
73843	641
73844	301
73845	692
73846	311
73847	315
73848	598
73849	252
73850	24
73851	276
73852	372
73853	32
73854	207
73855	4
73856	34
73857	126
73858	532
73859	181
73860	147
73861	514
73862	517
73863	275
73864	647
73865	952
73866	856
73867	198
73868	31
73869	465
73870	610
73871	685
73872	509
73873	182
73874	46
73875	469
73876	482
73877	289
73878	0
73879	165
73880	527
73881	668
73882	484
73883	149
73884	256
73885	925
73886	135
73887	176
73888	39
73889	0
73890	0
73891	551
73892	534
73893	365
73894	46
73895	689
73896	701
73897	84
73898	57
73899	547
73900	71
73901	827
73902	0
73903	324
73904	409
73905	12
73906	1141
73907	1034
73908	25
73909	35
73910	679
73911	383
73912	386
73913	579
73914	5
73915	147
73916	627
73917	360
73918	564
73919	402
73920	674
73921	2
73922	31
73923	404
73924	698
73925	520
73926	406
73927	2
73928	230
73929	81
73930	227
73931	337
73932	881
73933	506
73934	1039
73935	521
73936	445
73937	628
73938	684
73939	661
73940	534
73941	321
73942	558
73943	350
73944	765
73945	35
73946	296
73947	721
73948	475
73949	540
73950	707
73951	243
73952	581
73953	266
73954	619
73955	574
73956	170
73957	100
73958	333
73959	538
73960	516
73961	745
73962	92
73963	324
73964	293
73965	662
73966	713
73967	662
73968	374
73969	20
73970	364
73971	587
73972	272
73973	425
73974	576
73975	441
73976	45
73977	47
73978	1
73979	641
73980	582
73981	251
73982	137
73983	617
73984	325
73985	47
73986	574
73987	650
73988	322
73989	92
73990	859
73991	698
73992	31
73993	998
73994	761
73995	360
73996	519
73997	634
73998	10
73999	74
74000	51
74001	220
74002	351
74003	159
74004	3
74005	320
74006	367
74007	326
74008	453
74009	167
74010	670
74011	661
74012	463
74013	45
74014	56
74015	586
74016	198
74017	51
74018	793
74019	107
74020	164
74021	565
74022	1057
74023	4
74024	300
74025	0
74026	65
74027	638
74028	169
74029	388
74030	49
74031	439
74032	39
74033	405
74034	419
74035	224
74036	119
74037	119
74038	60
74039	347
74040	190
74041	26
74042	658
74043	38
74044	13
74045	207
74046	462
74047	431
74048	506
74049	0
74050	376
74051	586
74052	340
74053	60
74054	570
74055	397
74056	538
74057	400
74058	230
74059	448
74060	132
74061	717
74062	34
74063	120
74064	388
74065	268
74066	812
74067	56
74068	37
74069	1
74070	483
74071	552
74072	845
74073	120
74074	463
74075	141
74076	550
74077	1
74078	806
74079	958
74080	771
74081	24
74082	32
74083	130
74084	720
74085	341
74086	606
74087	367
74088	660
74089	87
74090	779
74091	449
74092	426
74093	119
74094	108
74095	235
74096	807
74097	947
74098	0
74099	732
74100	624
74101	661
74102	61
74103	191
74104	48
74105	33
74106	0
74107	12
74108	313
74109	4
74110	383
74111	900
74112	62
74113	428
74114	219
74115	318
74116	548
74117	1
74118	10
74119	219
74120	373
74121	0
74122	117
74123	2
74124	118
74125	633
74126	7
74127	4
74128	155
74129	229
74130	303
74131	393
74132	476
74133	35
74134	220
74135	241
74136	336
74137	666
74138	365
74139	78
74140	117
74141	558
74142	312
74143	22
74144	355
74145	364
74146	790
74147	26
