96597	58
96598	370
96599	344
96600	21
96601	180
96602	253
96603	753
96604	495
96605	699
96606	112
96607	515
96608	210
96609	329
96610	507
96611	358
96612	171
96613	4
96614	58
96615	354
96616	191
96617	411
96618	367
96619	405
96620	277
96621	212
96622	368
96623	120
96624	163
96625	136
96626	172
96627	141
96628	11
96629	302
96630	0
96631	2
96632	23
96633	419
96634	534
96635	213
96636	333
96637	573
96638	338
96639	222
96640	219
96641	474
96642	323
96643	236
96644	429
96645	350
96646	4
96647	10
96648	88
96649	38
96650	143
96651	503
96652	1
96653	686
96654	593
96655	312
96656	120
96657	129
96658	56
96659	393
96660	20
96661	190
96662	160
96663	2
96664	4
96665	112
96666	99
96667	202
96668	165
96669	445
96670	549
96671	215
96672	260
96673	223
96674	56
96675	68
96676	380
96677	0
96678	465
96679	45
96680	363
96681	62
96682	56
96683	288
96684	85
96685	35
96686	92
96687	0
96688	195
96689	280
96690	567
96691	20
96692	256
96693	0
96694	291
96695	58
96696	75
96697	107
96698	354
96699	10
96700	0
96701	124
96702	192
96703	35
96704	18
96705	240
96706	15
96707	129
96708	75
96709	11
96710	221
96711	20
96712	207
96713	239
96714	157
96715	0
96716	69
96717	250
96718	329
96719	474
96720	507
96721	34
96722	242
96723	190
96724	86
96725	146
96726	449
96727	2
96728	118
96729	188
96730	218
96731	6
96732	16
96733	20
96734	84
96735	715
96736	133
96737	1
96738	20
96739	4
96740	229
96741	308
96742	103
96743	482
96744	453
96745	241
96746	3
96747	491
96748	310
96749	4
96750	0
96751	176
96752	75
96753	24
96754	37
96755	512
96756	467
96757	73
96758	94
96759	104
96760	72
96761	59
96762	323
96763	56
96764	230
96765	42
96766	64
96767	318
96768	75
96769	79
96770	258
96771	84
96772	0
96773	47
96774	143
96775	419
96776	130
96777	56
96778	562
96779	489
96780	18
96781	97
96782	229
96783	374
96784	84
96785	1
96786	544
96787	356
96788	52
96789	460
96790	687
96791	306
96792	499
96793	1
96794	116
96795	10
96796	84
96797	35
96798	502
96799	358
96800	378
96801	330
96802	356
96803	223
96804	255
96805	221
96806	172
96807	6
96808	4
96809	216
96810	238
96811	206
96812	282
96813	56
96814	429
96815	543
96816	5
96817	56
96818	56
96819	25
96820	303
96821	695
96822	148
96823	585
96824	91
96825	268
96826	347
96827	193
96828	2
96829	513
96830	29
96831	80
96832	301
96833	231
96834	0
96835	118
96836	18
96837	258
96838	367
96839	10
96840	491
96841	38
96842	435
96843	399
96844	4
96845	348
96846	0
96847	74
96848	26
96849	404
96850	206
96851	50
96852	263
96853	302
96854	140
96855	677
96856	209
96857	1
96858	65
96859	358
96860	120
96861	58
96862	508
96863	323
96864	86
96865	181
96866	330
96867	509
96868	392
96869	604
96870	151
96871	416
96872	157
96873	118
96874	159
96875	179
96876	24
96877	318
96878	306
96879	152
96880	6
96881	24
96882	343
96883	183
96884	561
96885	4
96886	655
96887	758
96888	536
96889	205
96890	152
96891	365
96892	205
96893	119
96894	90
96895	591
96896	0
96897	35
96898	505
96899	56
96900	24
96901	30
96902	510
96903	383
96904	221
96905	34
96906	52
96907	281
96908	122
96909	202
96910	146
96911	48
96912	182
96913	271
96914	255
96915	114
96916	165
96917	117
96918	151
96919	98
96920	1
96921	269
96922	115
96923	10
96924	65
96925	4
96926	12
96927	10
96928	177
96929	62
96930	77
96931	113
96932	227
96933	150
96934	125
96935	56
96936	113
96937	505
96938	206
96939	153
96940	267
96941	312
96942	71
96943	141
96944	28
96945	4
96946	0
96947	194
96948	258
96949	441
96950	86
96951	25
96952	437
96953	170
96954	20
96955	53
96956	276
96957	74
96958	199
96959	19
96960	462
96961	311
96962	10
96963	364
96964	1
96965	35
96966	172
96967	200
96968	296
96969	80
96970	404
96971	0
96972	540
96973	58
96974	0
96975	627
96976	21
96977	435
96978	10
96979	0
96980	94
96981	0
96982	15
96983	175
96984	146
96985	126
96986	708
96987	102
96988	104
96989	587
96990	420
96991	184
96992	442
96993	120
96994	13
96995	28
96996	56
96997	231
96998	219
96999	69
97000	120
97001	176
97002	54
97003	285
97004	196
97005	86
97006	141
97007	138
97008	102
97009	10
97010	346
97011	230
97012	122
97013	276
97014	337
97015	345
97016	464
97017	621
97018	310
97019	265
97020	24
97021	10
97022	8
97023	10
97024	299
97025	100
97026	338
97027	571
97028	312
97029	161
97030	8
97031	459
97032	77
97033	707
97034	78
97035	60
97036	183
97037	151
97038	20
97039	34
97040	0
97041	187
97042	46
97043	50
97044	222
97045	57
97046	546
97047	4
97048	4
97049	443
97050	492
97051	134
97052	36
97053	151
97054	2
97055	251
97056	368
97057	10
97058	12
97059	455
97060	23
97061	602
97062	626
97063	194
97064	65
97065	8
97066	229
97067	106
97068	10
97069	532
97070	291
97071	10
97072	240
97073	338
97074	63
97075	210
97076	481
97077	0
97078	7
97079	359
97080	140
97081	12
97082	0
97083	57
97084	4
97085	81
97086	81
97087	491
97088	144
97089	198
97090	376
97091	306
97092	235
97093	0
97094	181
97095	257
97096	341
97097	600
97098	511
97099	4
97100	534
97101	204
97102	586
97103	1
97104	174
97105	420
97106	4
97107	261
97108	300
97109	36
97110	82
97111	234
97112	254
97113	286
97114	407
97115	379
97116	348
97117	451
97118	296
97119	460
97120	140
97121	177
97122	89
97123	450
97124	432
97125	564
97126	10
97127	316
97128	308
97129	111
97130	98
97131	56
97132	94
97133	113
97134	127
97135	36
97136	118
97137	14
97138	331
97139	35
97140	41
97141	133
97142	204
97143	329
97144	336
97145	58
97146	0
97147	179
97148	229
97149	522
97150	0
97151	16
97152	207
97153	484
97154	453
97155	35
97156	185
97157	263
97158	88
97159	222
97160	202
97161	10
97162	308
97163	308
97164	103
97165	13
97166	105
97167	268
97168	43
97169	454
97170	538
97171	510
97172	35
97173	115
97174	222
97175	10
97176	370
97177	431
97178	116
97179	65
97180	35
97181	6
97182	129
97183	310
97184	29
97185	15
97186	88
97187	121
97188	144
97189	266
97190	458
97191	4
97192	206
97193	340
97194	50
97195	683
97196	92
97197	86
97198	120
97199	127
97200	617
97201	638
97202	2
97203	34
