35530	35
35531	0
35532	1
35533	627
35534	263
35535	344
35536	545
35537	188
35538	173
35539	378
35540	283
35541	237
35542	384
35543	347
35544	502
35545	197
35546	196
35547	609
35548	505
35549	107
35550	115
35551	0
35552	22
35553	140
35554	387
35555	20
35556	0
35557	1
35558	0
35559	425
35560	445
35561	634
35562	586
35563	617
35564	275
35565	92
35566	4
35567	38
35568	162
35569	229
35570	23
35571	205
35572	104
35573	0
35574	210
35575	41
35576	543
35577	112
35578	566
35579	7
35580	8
35581	407
35582	268
35583	420
35584	49
35585	1
35586	224
35587	20
35588	590
35589	175
35590	503
35591	35
35592	506
35593	128
35594	4
35595	263
35596	448
35597	146
35598	23
35599	358
35600	103
35601	477
35602	0
35603	575
35604	698
35605	118
35606	248
35607	54
35608	41
35609	56
35610	192
35611	20
35612	12
35613	827
35614	606
35615	641
35616	0
35617	183
35618	466
35619	56
35620	116
35621	120
35622	0
35623	2
35624	211
35625	569
35626	550
35627	407
35628	359
35629	381
35630	230
35631	79
35632	462
35633	728
35634	0
35635	204
35636	318
35637	72
35638	61
35639	0
35640	1048
35641	716
35642	189
35643	344
35644	327
35645	463
35646	169
35647	7
35648	77
35649	518
35650	718
35651	10
35652	291
35653	104
35654	184
35655	34
35656	494
35657	471
35658	18
35659	318
35660	432
35661	41
35662	487
35663	334
35664	186
35665	26
35666	356
35667	509
35668	536
35669	447
35670	399
35671	713
35672	422
35673	0
35674	120
35675	1027
35676	292
35677	316
35678	287
35679	366
35680	569
35681	340
35682	28
35683	4
35684	52
35685	309
35686	372
35687	90
35688	617
35689	745
35690	234
35691	136
35692	300
35693	526
35694	443
35695	56
35696	20
35697	684
35698	152
35699	0
35700	20
35701	474
35702	284
35703	277
35704	167
35705	488
35706	409
35707	557
35708	545
35709	291
35710	371
35711	35
35712	199
35713	231
35714	118
35715	276
35716	403
35717	604
35718	481
35719	614
35720	121
35721	200
35722	0
35723	0
35724	280
35725	56
35726	30
35727	222
35728	120
35729	1
35730	423
35731	886
35732	398
35733	330
35734	45
35735	727
35736	119
35737	263
35738	120
35739	64
35740	38
35741	615
35742	322
35743	0
35744	396
35745	435
35746	20
35747	517
35748	149
35749	0
35750	12
35751	15
35752	224
35753	218
35754	244
35755	681
35756	301
35757	302
35758	373
35759	290
35760	26
35761	124
35762	64
35763	384
35764	535
35765	194
35766	509
35767	492
35768	466
35769	369
35770	492
35771	551
35772	284
35773	466
35774	15
35775	429
35776	440
35777	183
35778	301
35779	80
35780	511
35781	403
35782	4
35783	20
35784	152
35785	314
35786	219
35787	608
35788	59
35789	801
35790	768
35791	501
35792	713
35793	347
35794	188
35795	134
35796	35
35797	233
35798	0
35799	565
35800	754
35801	491
35802	2
35803	164
35804	162
35805	829
35806	772
35807	870
35808	300
35809	10
35810	348
35811	400
35812	2
35813	306
35814	172
35815	90
35816	1
35817	538
35818	1
35819	451
35820	3
35821	83
35822	322
35823	308
35824	482
35825	10
35826	490
35827	399
35828	482
35829	1062
35830	342
35831	36
35832	10
35833	255
35834	682
35835	594
35836	63
35837	4
35838	330
35839	0
35840	502
35841	125
35842	1
35843	362
35844	266
35845	493
35846	35
35847	219
35848	461
35849	0
35850	11
35851	124
35852	234
35853	474
35854	1
35855	39
35856	10
35857	18
35858	343
35859	244
35860	320
35861	5
35862	15
35863	219
35864	6
35865	91
35866	606
35867	0
35868	106
35869	101
35870	35
35871	0
35872	605
35873	576
35874	536
35875	622
35876	111
35877	346
35878	512
35879	281
35880	0
35881	69
35882	378
35883	122
35884	25
35885	274
35886	337
35887	43
35888	500
35889	156
35890	10
35891	501
35892	0
35893	33
35894	773
35895	677
35896	484
35897	59
35898	447
35899	1
35900	4
35901	469
35902	500
35903	455
35904	82
35905	165
35906	383
35907	64
35908	52
35909	553
35910	268
35911	0
35912	219
35913	338
35914	214
35915	524
35916	316
35917	95
35918	295
35919	459
35920	0
35921	17
35922	45
35923	121
35924	181
35925	10
35926	263
35927	352
35928	616
35929	750
35930	435
35931	0
35932	342
35933	635
35934	242
35935	1
35936	35
35937	1
35938	304
35939	360
35940	478
35941	74
35942	192
35943	103
35944	84
35945	44
35946	173
35947	0
35948	106
35949	392
35950	684
35951	926
35952	614
35953	682
35954	298
35955	246
35956	521
35957	712
35958	0
35959	242
35960	495
35961	0
35962	286
35963	4
35964	305
35965	686
35966	439
35967	416
35968	138
35969	147
35970	204
35971	0
35972	23
35973	649
35974	0
35975	411
35976	59
35977	14
35978	602
35979	221
35980	638
35981	286
35982	5
35983	595
35984	182
35985	155
35986	120
35987	664
35988	8
35989	14
35990	618
35991	33
35992	320
35993	12
35994	532
35995	43
35996	137
35997	13
35998	20
35999	387
36000	20
36001	548
36002	490
36003	111
36004	642
36005	146
36006	513
36007	0
36008	238
36009	35
36010	454
36011	1
36012	394
36013	5
36014	76
36015	604
36016	200
36017	361
36018	29
36019	189
36020	442
36021	109
36022	404
36023	74
36024	245
36025	254
36026	121
36027	4
36028	87
36029	334
36030	118
36031	725
36032	329
36033	795
36034	105
36035	10
36036	894
36037	822
36038	211
36039	540
36040	339
36041	350
36042	235
36043	354
36044	260
36045	221
36046	133
36047	112
36048	134
36049	178
36050	201
36051	151
36052	69
36053	1
36054	439
36055	39
36056	380
36057	4
36058	10
36059	425
36060	0
36061	684
36062	808
36063	94
36064	460
36065	152
36066	248
36067	58
36068	447
36069	273
36070	4
36071	57
36072	337
36073	88
36074	121
36075	20
36076	905
36077	496
36078	117
36079	642
36080	175
36081	6
36082	131
36083	35
36084	229
36085	412
36086	60
36087	14
36088	238
36089	0
36090	441
36091	51
36092	32
36093	30
36094	84
36095	562
36096	12
36097	628
36098	641
36099	354
36100	499
36101	397
36102	237
36103	201
36104	416
36105	111
36106	342
36107	96
36108	55
36109	18
36110	504
36111	74
36112	193
36113	260
36114	21
36115	0
36116	387
36117	32
36118	175
36119	86
36120	7
36121	0
36122	177
36123	12
36124	51
36125	2
36126	0
36127	238
36128	112
36129	564
36130	83
36131	82
36132	476
36133	51
36134	0
36135	527
36136	16
36137	348
36138	266
36139	332
36140	234
36141	435
36142	22
36143	37
36144	329
36145	238
36146	489
36147	126
36148	0
36149	500
36150	567
36151	619
36152	705
36153	912
36154	476
36155	684
36156	647
36157	614
36158	147
36159	16
36160	289
36161	229
36162	235
36163	284
36164	1
36165	781
36166	424
36167	4
36168	0
36169	166
36170	22
36171	45
36172	573
36173	340
36174	261
36175	0
36176	393
36177	252
36178	68
36179	86
36180	57
36181	184
36182	12
36183	12
36184	594
36185	298
36186	279
36187	741
36188	27
36189	0
36190	359
36191	139
36192	85
36193	255
36194	291
36195	433
36196	260
36197	208
36198	153
36199	11
36200	58
36201	18
36202	400
36203	233
36204	196
36205	272
36206	155
36207	0
36208	344
36209	35
36210	160
36211	468
36212	37
36213	29
36214	452
36215	0
36216	16
36217	2
36218	119
36219	511
36220	121
36221	428
36222	229
36223	350
36224	178
36225	403
36226	45
36227	331
36228	322
36229	20
36230	27
36231	28
36232	396
36233	361
36234	0
36235	110
36236	253
36237	0
36238	400
36239	35
36240	531
36241	48
36242	467
36243	313
36244	390
36245	304
36246	16
36247	2
36248	35
36249	32
36250	120
36251	48
36252	299
36253	4
36254	147
36255	6
36256	16
36257	238
36258	137
36259	34
36260	471
36261	35
36262	504
36263	10
36264	165
36265	22
36266	480
36267	120
36268	214
36269	635
36270	768
36271	345
36272	283
36273	127
36274	618
36275	7
36276	224
36277	292
36278	406
36279	0
36280	10
36281	294
36282	298
36283	487
