55022	26
55023	4
55024	92
55025	141
55026	419
55027	84
55028	96
55029	494
55030	56
55031	338
55032	1
55033	116
55034	66
55035	705
55036	121
55037	311
55038	332
55039	57
55040	58
55041	641
55042	284
55043	316
55044	357
55045	23
55046	96
55047	400
55048	338
55049	10
55050	242
55051	917
55052	846
55053	515
55054	773
55055	247
55056	109
55057	109
55058	335
55059	184
55060	38
55061	137
55062	193
55063	120
55064	34
55065	23
55066	183
55067	199
55068	299
55069	453
55070	135
55071	102
55072	406
55073	1
55074	169
55075	562
55076	35
55077	353
55078	542
55079	368
55080	314
55081	467
55082	0
55083	524
55084	16
55085	262
55086	138
55087	35
55088	503
55089	137
55090	518
55091	292
55092	286
55093	137
55094	489
55095	398
55096	1
55097	310
55098	103
55099	355
55100	297
55101	656
55102	176
55103	152
55104	186
55105	261
55106	500
55107	186
55108	276
55109	136
55110	457
55111	86
55112	469
55113	161
55114	329
55115	211
55116	679
55117	349
55118	56
55119	345
55120	124
55121	36
55122	399
55123	353
55124	271
55125	116
55126	446
55127	59
55128	318
55129	63
55130	705
55131	24
55132	10
55133	715
55134	0
55135	352
55136	166
55137	21
55138	92
55139	269
55140	254
55141	679
55142	286
55143	376
55144	668
55145	634
55146	584
55147	699
55148	804
55149	748
55150	18
55151	1
55152	530
55153	267
55154	327
55155	638
55156	715
55157	323
55158	227
55159	418
55160	119
55161	716
55162	561
55163	236
55164	278
55165	165
55166	254
55167	193
55168	110
55169	25
55170	266
55171	303
55172	35
55173	251
55174	213
55175	75
55176	5
55177	86
55178	309
55179	254
55180	462
55181	236
55182	10
55183	71
55184	79
55185	154
55186	72
55187	54
55188	252
55189	92
55190	137
55191	256
55192	438
55193	233
55194	391
55195	494
55196	36
55197	42
55198	417
55199	315
55200	15
55201	319
55202	443
55203	322
55204	396
55205	198
55206	272
55207	367
55208	87
55209	466
55210	484
55211	477
55212	545
55213	265
55214	628
55215	61
55216	117
55217	211
55218	265
55219	350
55220	120
55221	155
55222	86
55223	35
55224	200
55225	447
55226	294
55227	294
55228	428
55229	91
55230	207
55231	200
55232	530
55233	480
55234	519
55235	199
55236	393
55237	183
55238	139
55239	228
55240	402
55241	408
55242	392
55243	22
55244	546
55245	485
55246	409
55247	615
55248	786
55249	612
55250	718
55251	633
55252	697
55253	463
55254	456
55255	546
55256	495
55257	437
55258	126
55259	463
55260	167
55261	37
55262	314
55263	303
55264	452
55265	257
55266	525
55267	274
55268	334
55269	222
55270	21
55271	120
55272	165
55273	59
55274	14
55275	45
55276	199
55277	331
55278	636
55279	82
55280	31
55281	440
55282	446
55283	4
55284	103
55285	488
55286	310
55287	233
55288	374
55289	682
55290	806
55291	988
55292	176
55293	425
55294	429
55295	272
55296	162
55297	1
55298	174
55299	369
55300	542
55301	429
55302	178
55303	342
55304	92
55305	71
55306	565
55307	287
55308	68
55309	565
55310	814
55311	127
55312	134
55313	324
55314	49
55315	156
55316	104
55317	599
55318	449
55319	549
55320	327
55321	173
55322	299
55323	0
55324	356
55325	164
55326	20
55327	111
55328	440
55329	142
55330	316
55331	667
55332	548
55333	285
55334	10
55335	238
55336	10
55337	73
55338	120
55339	505
55340	20
55341	380
55342	494
55343	61
55344	377
55345	121
55346	275
55347	170
55348	108
55349	18
55350	140
55351	13
55352	198
55353	375
55354	489
55355	174
55356	267
55357	353
55358	248
55359	21
55360	252
55361	337
55362	99
55363	551
55364	203
55365	10
55366	378
55367	228
55368	463
55369	316
55370	293
55371	540
55372	476
55373	0
55374	2
55375	613
55376	191
55377	223
55378	257
55379	354
55380	139
55381	343
55382	0
55383	298
55384	356
55385	370
55386	375
55387	0
55388	28
55389	120
55390	408
55391	375
55392	226
55393	499
55394	339
55395	457
55396	448
55397	205
55398	111
55399	359
55400	363
55401	504
55402	253
55403	315
55404	224
55405	10
55406	182
55407	143
55408	19
55409	340
55410	137
55411	156
55412	422
55413	351
55414	451
55415	179
55416	60
55417	388
55418	815
55419	996
55420	754
55421	900
55422	592
55423	128
55424	456
55425	196
55426	295
55427	113
55428	483
55429	421
55430	196
55431	85
55432	35
55433	173
55434	280
55435	245
55436	352
55437	522
55438	530
55439	368
55440	265
55441	116
55442	21
55443	595
55444	185
55445	4
55446	498
55447	292
55448	239
55449	120
55450	1
55451	875
55452	221
55453	362
55454	1
55455	26
55456	714
55457	20
55458	512
55459	346
55460	452
55461	62
55462	81
55463	328
55464	180
55465	116
55466	643
55467	321
55468	415
55469	229
55470	193
55471	482
55472	503
55473	577
55474	288
55475	241
55476	443
55477	4
55478	230
55479	486
55480	149
55481	224
55482	303
55483	66
55484	218
55485	374
55486	201
55487	428
55488	124
55489	225
55490	56
55491	231
55492	214
55493	306
55494	84
55495	202
55496	122
55497	265
55498	167
55499	10
55500	365
55501	280
55502	324
55503	567
55504	204
55505	282
55506	621
55507	233
55508	222
55509	447
55510	94
55511	156
55512	222
55513	268
55514	426
55515	498
55516	355
55517	340
55518	610
55519	362
55520	234
55521	660
55522	534
55523	155
55524	84
55525	45
55526	384
55527	541
55528	489
55529	559
55530	413
55531	298
55532	632
55533	714
55534	587
55535	560
55536	278
55537	471
55538	556
55539	328
55540	564
55541	571
55542	374
55543	478
55544	154
55545	218
55546	314
55547	211
55548	616
55549	765
55550	22
55551	315
55552	368
55553	413
55554	14
55555	13
55556	631
55557	278
55558	97
55559	21
55560	427
55561	692
55562	314
55563	414
55564	296
55565	11
55566	188
55567	430
55568	35
55569	115
55570	328
55571	579
55572	35
55573	103
55574	20
55575	24
55576	210
55577	431
55578	305
55579	685
55580	417
55581	487
55582	178
55583	400
55584	121
55585	214
55586	134
55587	263
55588	405
55589	236
55590	56
55591	232
55592	423
55593	179
55594	498
55595	471
55596	432
55597	299
55598	455
55599	221
55600	155
55601	487
55602	305
55603	282
55604	253
55605	355
55606	70
55607	44
55608	234
55609	227
55610	86
55611	487
55612	597
55613	426
55614	20
55615	481
55616	457
55617	101
55618	220
55619	0
55620	182
55621	215
55622	252
55623	172
55624	244
55625	405
55626	225
55627	505
55628	43
55629	456
55630	297
55631	263
55632	96
55633	99
55634	270
55635	184
55636	68
55637	211
55638	685
55639	381
55640	288
55641	156
55642	632
55643	617
55644	445
55645	475
55646	121
55647	204
55648	343
55649	420
55650	97
55651	339
55652	36
55653	471
55654	458
55655	151
55656	35
55657	122
55658	154
55659	472
55660	123
55661	39
55662	66
55663	206
55664	65
55665	771
55666	212
55667	474
55668	502
55669	443
55670	438
55671	179
55672	285
55673	56
55674	99
55675	205
55676	101
55677	445
55678	475
55679	167
55680	69
55681	333
55682	523
55683	102
55684	163
55685	254
55686	111
55687	599
55688	295
55689	465
55690	352
55691	120
55692	342
55693	321
55694	12
55695	210
55696	137
55697	20
55698	292
55699	671
55700	649
55701	606
55702	279
55703	434
55704	123
55705	488
55706	171
55707	383
55708	496
55709	279
55710	446
55711	414
55712	213
55713	346
55714	486
55715	213
55716	201
55717	572
55718	536
55719	295
55720	93
55721	10
55722	347
55723	431
55724	251
55725	26
55726	196
55727	159
55728	693
55729	107
55730	529
55731	119
55732	261
55733	201
55734	305
55735	576
55736	270
55737	237
55738	394
55739	519
55740	84
55741	502
55742	585
55743	35
55744	93
55745	53
55746	480
55747	2
55748	328
55749	485
55750	790
55751	797
55752	686
55753	510
55754	299
55755	505
55756	657
55757	693
55758	214
55759	84
55760	192
55761	243
55762	174
55763	299
55764	313
55765	148
55766	318
55767	465
55768	556
55769	278
55770	112
55771	433
55772	212
55773	291
55774	62
55775	476
55776	181
55777	385
55778	112
55779	443
55780	28
55781	268
55782	107
55783	68
55784	153
55785	276
55786	295
55787	576
55788	578
55789	345
55790	158
55791	396
55792	283
55793	279
55794	266
55795	221
55796	516
55797	413
55798	268
55799	950
55800	456
55801	68
55802	294
55803	86
55804	210
55805	409
55806	521
55807	35
55808	271
55809	323
55810	176
55811	97
55812	605
55813	227
55814	62
55815	509
55816	120
55817	334
55818	448
55819	96
55820	267
55821	631
55822	232
55823	543
55824	40
55825	173
55826	219
55827	460
55828	359
55829	349
55830	240
55831	1
55832	471
55833	10
55834	100
55835	188
55836	58
55837	625
55838	696
55839	590
55840	106
55841	258
55842	137
55843	84
55844	10
55845	667
55846	561
55847	36
55848	56
55849	254
55850	219
55851	112
55852	565
55853	463
55854	420
55855	449
55856	463
55857	345
55858	343
55859	519
55860	404
55861	429
55862	335
55863	14
55864	357
55865	251
55866	591
55867	522
55868	499
55869	313
55870	56
55871	189
55872	77
55873	270
55874	295
55875	4
55876	1
55877	439
55878	610
55879	108
55880	285
55881	289
55882	363
55883	141
55884	426
55885	22
55886	1
55887	102
55888	573
55889	559
55890	508
55891	245
55892	382
55893	234
55894	134
55895	699
55896	469
55897	273
55898	617
55899	320
55900	100
55901	135
55902	0
55903	20
55904	107
55905	265
55906	107
55907	477
55908	145
55909	92
55910	212
55911	427
55912	148
55913	245
55914	403
55915	133
55916	198
55917	100
55918	170
55919	337
55920	255
55921	231
55922	141
55923	588
55924	310
55925	84
55926	35
55927	543
55928	219
55929	30
55930	91
55931	129
55932	64
55933	77
55934	381
55935	38
55936	551
55937	269
55938	133
55939	203
55940	167
55941	21
55942	321
55943	398
55944	313
55945	35
55946	527
55947	191
55948	359
55949	451
55950	133
55951	530
55952	700
55953	20
55954	622
55955	93
55956	217
55957	358
55958	248
55959	297
55960	65
55961	117
55962	534
55963	357
55964	122
55965	435
55966	688
55967	486
55968	759
55969	603
55970	295
55971	373
55972	10
55973	497
55974	50
55975	390
55976	272
55977	763
55978	156
55979	547
55980	497
55981	618
55982	94
55983	450
55984	117
55985	570
55986	299
55987	399
55988	518
55989	214
55990	58
55991	338
55992	395
55993	588
55994	470
55995	315
55996	0
55997	531
55998	635
55999	512
56000	35
56001	265
56002	127
56003	102
56004	0
56005	520
56006	152
56007	418
56008	14
56009	370
56010	300
56011	209
56012	218
56013	20
56014	45
56015	56
56016	89
56017	392
56018	56
56019	85
56020	204
56021	292
56022	74
56023	327
56024	128
56025	0
56026	368
56027	94
56028	458
56029	482
56030	469
56031	311
56032	425
56033	57
56034	755
56035	46
56036	651
56037	402
56038	91
56039	256
56040	43
56041	643
56042	214
56043	58
56044	763
56045	209
56046	100
56047	307
56048	297
56049	358
56050	167
56051	253
56052	31
56053	57
56054	35
56055	126
56056	266
56057	1
56058	404
56059	412
56060	131
56061	642
56062	819
56063	523
56064	230
56065	268
56066	56
56067	328
56068	0
56069	193
56070	332
56071	224
56072	368
56073	322
56074	423
56075	231
56076	164
56077	155
56078	418
56079	365
56080	311
56081	174
56082	374
56083	73
56084	434
56085	716
56086	576
56087	174
56088	0
56089	703
56090	460
56091	263
56092	120
56093	420
56094	210
56095	56
56096	415
56097	22
56098	347
56099	370
56100	575
56101	185
56102	178
56103	112
56104	647
56105	154
56106	255
56107	82
56108	266
56109	472
56110	754
56111	84
56112	10
56113	213
56114	279
56115	260
56116	326
56117	401
56118	35
56119	72
56120	178
56121	454
56122	386
56123	60
56124	279
56125	67
56126	276
56127	165
56128	602
56129	731
56130	778
56131	392
56132	177
56133	299
56134	100
56135	487
56136	437
56137	552
56138	364
56139	35
56140	372
56141	517
56142	447
56143	12
56144	431
56145	207
56146	273
56147	144
56148	640
56149	285
56150	1
56151	482
56152	510
56153	93
56154	44
56155	460
56156	58
56157	287
56158	464
56159	59
56160	73
56161	303
56162	124
56163	449
56164	659
56165	604
56166	924
56167	904
56168	342
56169	706
56170	364
56171	120
56172	238
56173	298
56174	323
56175	451
56176	360
56177	266
56178	539
56179	598
56180	484
56181	345
56182	0
56183	561
56184	537
56185	354
56186	496
56187	310
56188	427
56189	198
56190	448
56191	274
56192	1
56193	164
56194	431
56195	380
56196	598
56197	566
56198	87
56199	56
56200	293
56201	531
56202	73
56203	450
56204	713
56205	309
56206	20
56207	103
56208	501
56209	206
56210	323
56211	241
56212	302
56213	376
56214	380
56215	97
56216	190
56217	432
56218	431
56219	748
56220	4
56221	347
56222	394
56223	507
56224	527
56225	635
56226	536
56227	86
56228	58
56229	514
56230	23
56231	349
56232	379
56233	169
56234	308
56235	57
56236	519
56237	427
56238	241
56239	48
56240	259
56241	183
56242	82
56243	334
56244	23
56245	244
56246	459
56247	491
56248	197
56249	29
56250	6
56251	278
56252	289
56253	134
56254	512
56255	0
56256	728
56257	531
56258	549
56259	611
56260	319
56261	119
56262	307
56263	78
56264	149
56265	711
56266	793
56267	682
56268	820
56269	653
56270	255
56271	1
56272	177
56273	459
56274	476
56275	228
56276	177
56277	257
56278	437
56279	20
56280	586
56281	389
56282	226
56283	188
56284	735
56285	107
56286	560
56287	35
56288	165
56289	122
56290	205
56291	321
56292	252
56293	261
56294	24
56295	312
56296	56
56297	617
56298	151
56299	317
56300	177
56301	444
56302	347
56303	303
56304	180
56305	415
56306	136
56307	119
56308	298
56309	154
56310	179
56311	152
56312	101
56313	388
56314	431
56315	471
56316	295
56317	299
56318	450
56319	54
56320	242
56321	509
56322	528
56323	510
56324	478
56325	585
56326	159
56327	496
56328	453
56329	259
56330	185
56331	117
56332	86
56333	330
56334	624
56335	684
56336	56
56337	278
56338	105
56339	289
56340	160
56341	482
56342	344
56343	400
56344	35
56345	314
56346	391
56347	163
56348	87
56349	165
56350	401
56351	326
56352	10
56353	78
56354	20
56355	20
56356	453
56357	61
56358	11
56359	341
56360	608
56361	615
56362	474
56363	59
56364	180
56365	88
56366	20
56367	228
56368	83
56369	457
56370	453
56371	468
56372	484
56373	498
56374	2
56375	317
56376	348
56377	332
56378	769
56379	367
56380	294
56381	173
56382	161
56383	332
56384	133
56385	10
56386	1
56387	747
56388	284
56389	710
56390	877
56391	628
56392	35
56393	266
56394	320
56395	459
56396	167
56397	415
56398	406
56399	432
56400	601
56401	289
56402	56
56403	208
56404	219
56405	239
56406	499
56407	495
56408	400
56409	368
56410	121
56411	221
56412	103
56413	356
56414	263
56415	451
56416	685
56417	530
56418	0
56419	343
56420	414
56421	509
56422	340
56423	84
56424	212
56425	170
56426	293
56427	27
56428	442
56429	247
56430	278
56431	68
56432	21
56433	367
56434	25
56435	43
56436	308
56437	208
56438	323
56439	170
56440	438
56441	194
56442	427
56443	404
56444	357
56445	241
56446	328
56447	261
56448	269
56449	462
56450	536
56451	454
56452	0
56453	311
56454	479
56455	310
56456	182
56457	549
56458	401
56459	243
56460	37
56461	10
56462	378
56463	444
56464	560
56465	453
56466	533
56467	86
56468	299
56469	120
56470	80
56471	589
56472	541
56473	587
56474	709
56475	779
56476	35
56477	26
56478	356
56479	461
56480	377
56481	250
56482	581
56483	151
56484	617
56485	550
56486	338
56487	245
56488	281
56489	52
56490	86
56491	86
56492	258
56493	111
56494	784
56495	497
56496	776
56497	375
56498	512
56499	459
56500	569
56501	398
56502	538
56503	545
56504	270
56505	409
56506	362
56507	246
56508	585
56509	657
56510	180
56511	15
56512	578
56513	120
56514	59
56515	675
56516	228
56517	283
56518	360
56519	734
56520	29
56521	490
56522	540
56523	459
56524	606
56525	405
56526	59
56527	554
56528	436
56529	182
56530	4
56531	55
56532	456
56533	218
56534	328
56535	229
56536	111
56537	336
56538	407
56539	362
56540	4
56541	590
56542	41
56543	69
56544	101
56545	122
56546	88
56547	344
56548	195
56549	65
56550	241
56551	356
56552	595
56553	527
56554	554
56555	518
56556	489
56557	242
56558	395
56559	379
56560	20
56561	164
56562	48
56563	111
56564	164
56565	183
56566	119
56567	407
56568	303
56569	301
56570	425
56571	412
56572	325
56573	79
56574	279
56575	20
56576	467
56577	441
56578	426
56579	493
56580	177
56581	166
56582	268
56583	20
56584	135
56585	634
56586	473
56587	193
56588	13
56589	32
56590	504
56591	385
56592	278
56593	338
56594	449
56595	247
56596	306
56597	26
56598	228
56599	10
56600	316
56601	196
56602	743
56603	20
56604	409
56605	595
56606	604
56607	72
56608	122
56609	212
56610	515
56611	18
56612	328
56613	176
56614	611
56615	490
56616	312
56617	20
56618	667
56619	192
56620	378
56621	356
56622	490
56623	56
56624	203
56625	77
56626	21
56627	366
56628	663
56629	165
56630	250
56631	364
56632	246
56633	185
56634	323
56635	315
56636	363
56637	58
56638	355
56639	33
56640	251
56641	22
56642	240
56643	353
56644	388
56645	20
56646	39
56647	462
56648	428
56649	489
56650	384
56651	51
56652	414
56653	565
56654	82
56655	41
56656	2
56657	489
56658	266
56659	140
56660	67
56661	553
56662	644
56663	608
56664	167
56665	426
56666	518
56667	598
56668	4
56669	215
56670	152
56671	309
56672	393
56673	78
56674	23
56675	89
56676	524
56677	303
56678	377
56679	732
56680	547
56681	399
56682	339
56683	546
56684	519
56685	1104
56686	240
56687	20
56688	1
56689	15
56690	332
56691	384
56692	83
56693	69
56694	322
56695	302
56696	86
56697	313
56698	156
56699	57
56700	4
56701	141
56702	268
56703	57
56704	36
56705	244
56706	497
56707	701
56708	478
56709	231
56710	10
56711	487
56712	84
56713	612
56714	29
56715	97
56716	418
56717	393
56718	524
56719	243
56720	21
56721	642
56722	851
56723	470
56724	591
56725	382
56726	216
56727	1
56728	461
56729	234
56730	231
56731	570
56732	375
56733	493
56734	262
56735	585
56736	344
56737	20
56738	372
56739	353
56740	20
56741	318
56742	534
56743	475
56744	24
56745	131
56746	401
56747	380
56748	207
56749	593
56750	13
56751	301
56752	389
56753	469
56754	319
56755	209
56756	259
56757	189
56758	283
56759	263
56760	275
56761	386
56762	12
56763	264
56764	530
56765	202
56766	134
56767	41
56768	230
56769	271
56770	424
56771	320
56772	169
56773	63
56774	173
56775	238
56776	165
56777	373
56778	375
56779	293
56780	189
56781	225
56782	167
56783	238
56784	452
56785	157
56786	12
56787	286
56788	234
56789	89
56790	427
56791	176
56792	397
56793	521
56794	317
56795	306
56796	14
56797	268
56798	262
56799	91
56800	122
56801	414
56802	191
56803	484
56804	462
56805	519
56806	673
56807	24
56808	434
56809	422
56810	112
56811	638
56812	332
56813	197
56814	105
56815	352
56816	289
56817	378
56818	94
56819	821
56820	385
56821	271
56822	10
56823	68
56824	298
56825	79
56826	455
56827	34
56828	410
56829	185
56830	255
56831	181
56832	429
56833	1
56834	332
56835	202
56836	230
56837	10
56838	473
56839	499
56840	476
56841	101
56842	20
56843	240
56844	355
56845	262
56846	131
56847	267
56848	185
56849	66
56850	234
56851	301
56852	587
56853	674
56854	180
56855	294
56856	239
56857	973
56858	137
56859	176
56860	154
56861	194
56862	250
56863	385
56864	25
56865	287
56866	423
56867	5
56868	528
56869	42
56870	38
56871	96
56872	35
56873	631
56874	123
56875	318
56876	415
56877	280
56878	231
56879	298
56880	366
56881	61
56882	245
56883	172
56884	339
56885	193
56886	335
56887	33
56888	119
56889	276
56890	95
56891	37
56892	341
56893	413
56894	35
56895	114
56896	507
56897	348
56898	425
56899	59
56900	53
56901	563
56902	591
56903	678
56904	392
56905	20
56906	99
56907	225
56908	153
56909	191
56910	499
56911	601
56912	403
56913	464
56914	488
56915	377
56916	44
56917	84
56918	193
56919	110
56920	499
56921	260
56922	460
56923	182
56924	590
56925	582
56926	511
56927	537
56928	335
56929	120
56930	596
56931	575
56932	43
56933	554
56934	650
56935	312
56936	335
56937	53
56938	419
56939	581
56940	327
56941	432
56942	192
56943	419
56944	879
56945	456
56946	32
56947	56
56948	896
56949	765
56950	589
56951	74
56952	677
56953	10
56954	212
56955	41
56956	12
56957	64
56958	381
56959	329
56960	106
56961	256
56962	273
56963	239
56964	0
56965	308
56966	105
56967	439
56968	212
56969	99
56970	380
56971	386
56972	433
56973	52
56974	644
56975	61
56976	273
56977	515
56978	285
56979	499
56980	257
56981	35
56982	253
56983	292
56984	196
56985	313
56986	210
56987	206
56988	112
56989	151
56990	344
56991	408
56992	86
56993	321
56994	259
56995	577
56996	201
56997	282
56998	457
56999	256
57000	364
57001	254
57002	13
57003	366
57004	65
57005	450
57006	399
57007	217
57008	495
57009	135
57010	180
57011	199
57012	290
57013	112
57014	556
57015	194
57016	434
57017	264
57018	201
57019	467
57020	431
57021	377
57022	89
57023	422
57024	170
57025	89
57026	122
57027	507
57028	474
57029	323
57030	402
57031	264
57032	410
57033	392
57034	137
57035	167
57036	553
57037	728
57038	604
57039	355
57040	168
57041	20
57042	84
57043	220
57044	411
57045	99
57046	392
57047	332
57048	166
57049	407
57050	667
57051	546
57052	90
57053	167
57054	568
57055	611
57056	190
57057	280
57058	259
57059	414
57060	528
57061	170
57062	246
57063	61
57064	229
57065	121
57066	121
57067	59
57068	291
57069	54
57070	446
57071	633
57072	211
57073	159
57074	657
57075	559
57076	679
57077	72
57078	374
57079	57
57080	336
57081	461
57082	219
57083	250
57084	419
57085	219
57086	490
57087	342
57088	375
57089	114
57090	260
57091	417
57092	120
57093	437
57094	505
57095	897
57096	181
57097	386
57098	84
57099	109
57100	57
57101	312
57102	409
57103	362
57104	64
57105	36
57106	468
57107	120
57108	69
57109	444
57110	134
57111	140
57112	308
57113	62
57114	147
57115	394
57116	690
57117	88
57118	225
57119	256
57120	419
57121	73
57122	113
57123	20
57124	0
57125	363
57126	204
57127	293
57128	403
57129	282
57130	129
57131	271
57132	174
57133	310
57134	304
57135	267
57136	118
57137	386
57138	359
57139	552
57140	173
57141	302
57142	640
57143	161
57144	148
57145	219
57146	833
57147	109
57148	446
57149	1099
57150	156
57151	423
57152	168
57153	401
57154	666
57155	605
57156	362
57157	414
57158	418
57159	39
57160	221
57161	97
57162	583
57163	84
57164	318
57165	119
57166	38
57167	20
57168	56
57169	84
57170	331
57171	256
57172	29
57173	414
57174	354
57175	480
57176	4
57177	255
57178	15
57179	601
57180	21
57181	223
57182	308
57183	135
57184	390
57185	22
57186	255
57187	44
57188	322
57189	430
57190	401
57191	534
57192	52
57193	136
57194	166
57195	177
57196	326
57197	432
57198	269
57199	464
57200	87
57201	513
57202	347
57203	10
57204	35
57205	349
57206	115
57207	463
57208	1
57209	260
57210	244
57211	456
57212	325
57213	120
57214	569
57215	495
57216	686
57217	409
57218	575
57219	380
57220	90
57221	87
57222	323
57223	425
57224	84
57225	363
57226	255
57227	499
57228	277
57229	100
57230	500
57231	540
57232	637
57233	20
57234	41
57235	0
57236	601
57237	396
57238	494
57239	158
57240	4
57241	350
