92731	100
92732	217
92733	341
92734	45
92735	20
92736	396
92737	411
92738	598
92739	75
92740	36
92741	173
92742	282
92743	454
92744	400
92745	503
92746	155
92747	135
92748	472
92749	361
92750	212
92751	577
92752	713
92753	292
92754	181
92755	10
92756	315
92757	70
92758	276
92759	328
92760	160
92761	178
92762	684
92763	417
92764	423
92765	148
92766	488
92767	527
92768	554
92769	536
92770	484
92771	427
92772	360
92773	502
92774	223
92775	141
92776	323
92777	328
92778	239
92779	243
92780	545
92781	507
92782	296
92783	676
92784	425
92785	411
92786	251
92787	302
92788	703
92789	688
92790	135
92791	265
92792	815
92793	420
92794	173
92795	240
92796	515
92797	310
92798	196
92799	415
92800	366
92801	369
92802	284
92803	539
92804	36
92805	798
92806	240
92807	495
92808	35
92809	259
92810	498
92811	526
92812	147
92813	430
92814	485
92815	10
92816	368
92817	445
92818	793
92819	337
92820	61
92821	288
92822	524
92823	284
92824	352
92825	544
92826	268
92827	223
92828	363
92829	393
92830	30
92831	548
92832	380
92833	241
92834	176
92835	111
92836	391
92837	294
92838	35
92839	664
92840	663
92841	129
92842	354
92843	505
92844	485
92845	615
92846	0
92847	651
92848	646
92849	24
92850	102
92851	276
92852	285
92853	450
92854	411
92855	143
92856	20
92857	20
92858	749
92859	290
92860	11
92861	436
92862	231
92863	66
92864	255
92865	97
92866	63
92867	205
92868	196
92869	624
92870	169
92871	163
92872	789
92873	48
92874	176
92875	218
92876	154
92877	273
92878	812
92879	84
92880	299
92881	353
92882	83
92883	537
92884	405
92885	391
92886	121
92887	311
92888	485
92889	20
92890	143
92891	223
92892	505
92893	251
92894	401
92895	4
92896	142
92897	156
92898	57
92899	547
92900	95
92901	61
92902	213
92903	224
92904	20
92905	448
92906	73
92907	148
92908	470
92909	550
92910	56
92911	787
92912	511
92913	700
92914	91
92915	367
92916	199
92917	200
92918	244
92919	306
92920	548
92921	578
92922	298
92923	133
92924	452
92925	611
92926	310
92927	276
92928	58
92929	317
92930	4
92931	140
92932	56
92933	299
92934	325
92935	452
92936	386
92937	386
92938	473
92939	208
92940	300
92941	418
92942	521
92943	529
92944	277
92945	402
92946	337
92947	292
92948	384
92949	322
92950	279
92951	56
92952	21
92953	355
92954	186
92955	357
92956	328
92957	388
92958	185
92959	378
92960	372
92961	509
92962	416
92963	462
92964	232
92965	334
92966	159
92967	526
92968	12
92969	118
92970	293
92971	478
92972	396
92973	304
92974	210
92975	430
92976	344
92977	209
92978	58
92979	146
92980	297
92981	317
92982	342
92983	293
92984	612
92985	10
92986	56
92987	242
92988	194
92989	39
92990	58
92991	4
92992	408
92993	59
92994	191
92995	326
92996	891
92997	327
92998	0
92999	366
93000	211
93001	748
93002	418
93003	452
93004	311
93005	109
93006	486
93007	794
93008	754
93009	909
93010	505
93011	52
93012	84
93013	755
93014	155
93015	456
93016	299
93017	20
93018	225
93019	192
93020	261
93021	449
93022	544
93023	272
93024	709
93025	111
93026	344
93027	399
93028	718
93029	544
93030	601
93031	139
93032	629
93033	256
93034	413
93035	670
93036	591
93037	137
93038	581
93039	661
93040	441
93041	34
93042	289
93043	365
93044	562
93045	284
93046	259
93047	87
93048	327
93049	34
93050	352
93051	344
93052	286
93053	190
93054	270
93055	60
93056	561
93057	641
93058	403
93059	219
93060	539
93061	518
93062	462
93063	84
93064	61
93065	734
93066	281
93067	56
93068	212
93069	666
93070	253
93071	216
93072	388
93073	20
93074	204
93075	455
93076	20
93077	199
93078	422
93079	504
93080	153
93081	51
93082	556
93083	329
93084	56
93085	498
93086	466
93087	260
93088	462
93089	47
93090	316
93091	208
93092	422
93093	453
93094	310
93095	270
93096	259
93097	222
93098	198
93099	344
93100	135
93101	125
93102	263
93103	338
93104	68
93105	426
93106	249
93107	84
93108	260
93109	304
93110	416
93111	500
93112	361
93113	388
93114	624
93115	492
93116	86
93117	391
93118	345
93119	411
93120	65
93121	598
93122	57
93123	406
93124	98
93125	120
93126	212
93127	133
93128	426
93129	370
93130	86
93131	86
93132	617
93133	1
93134	20
93135	119
93136	103
93137	177
93138	406
93139	490
93140	136
93141	77
93142	217
93143	170
93144	10
93145	223
93146	397
93147	350
93148	380
93149	220
93150	156
93151	195
93152	403
93153	72
93154	41
93155	530
93156	520
93157	681
93158	118
93159	396
93160	140
93161	330
93162	35
93163	289
93164	472
93165	573
93166	49
93167	142
93168	35
93169	437
93170	46
93171	498
93172	199
93173	126
93174	321
93175	410
93176	722
93177	727
93178	419
93179	386
93180	449
93181	449
93182	674
93183	686
93184	84
93185	765
93186	349
93187	59
93188	395
93189	160
93190	123
93191	431
93192	76
93193	686
93194	182
93195	183
93196	537
93197	35
93198	358
93199	267
93200	0
93201	62
93202	224
93203	222
93204	164
93205	392
93206	524
93207	622
93208	100
93209	285
93210	356
93211	110
93212	264
93213	553
93214	482
93215	266
93216	0
93217	596
93218	440
93219	245
93220	102
93221	301
93222	526
93223	249
93224	113
93225	255
93226	155
93227	317
93228	1
93229	423
93230	400
93231	57
93232	100
93233	11
93234	603
93235	60
93236	274
93237	667
93238	508
93239	374
93240	463
93241	83
93242	119
93243	612
93244	487
93245	247
93246	313
93247	367
93248	63
93249	830
93250	537
93251	448
93252	58
93253	300
93254	287
93255	76
93256	245
93257	546
93258	410
93259	307
93260	608
93261	4
93262	801
93263	361
93264	633
93265	542
93266	71
93267	314
93268	166
93269	41
93270	81
93271	0
93272	625
93273	225
93274	112
93275	269
93276	397
93277	388
93278	237
93279	208
93280	21
93281	185
93282	323
93283	170
93284	589
93285	201
93286	251
93287	503
93288	188
93289	74
93290	20
93291	41
93292	444
93293	118
93294	424
93295	0
93296	345
93297	382
93298	372
93299	273
93300	349
93301	482
93302	305
93303	486
93304	323
93305	499
93306	45
93307	575
93308	263
93309	42
93310	218
93311	324
93312	377
93313	208
93314	35
93315	43
93316	487
93317	400
93318	519
93319	545
93320	631
93321	197
93322	378
93323	438
93324	533
93325	716
93326	306
93327	35
93328	280
93329	5
93330	90
93331	382
93332	311
93333	306
93334	285
93335	63
93336	429
93337	632
93338	89
93339	279
93340	231
93341	5
93342	6
93343	123
93344	352
93345	35
93346	389
93347	390
93348	71
93349	4
93350	85
93351	274
93352	221
93353	35
93354	46
93355	281
93356	215
93357	250
93358	407
93359	290
93360	87
93361	220
93362	10
93363	83
93364	442
93365	132
93366	337
93367	596
93368	134
93369	879
93370	58
93371	60
93372	289
93373	646
93374	504
93375	258
93376	84
93377	482
93378	548
93379	269
93380	702
93381	564
93382	146
93383	0
93384	475
93385	635
93386	514
93387	230
93388	481
93389	478
93390	395
93391	387
93392	512
93393	547
93394	98
93395	551
93396	102
93397	31
93398	466
93399	4
93400	181
93401	266
93402	279
93403	236
93404	332
93405	369
93406	485
93407	360
93408	466
93409	264
93410	8
93411	266
93412	266
93413	428
93414	210
93415	197
93416	311
93417	447
93418	99
93419	290
93420	316
93421	310
93422	141
93423	368
93424	338
93425	453
93426	748
93427	630
93428	593
93429	275
93430	112
93431	558
93432	582
93433	629
93434	213
93435	601
93436	558
93437	462
93438	467
93439	241
93440	377
93441	389
93442	558
93443	642
93444	423
93445	37
93446	364
93447	322
93448	563
93449	313
93450	218
93451	248
93452	313
93453	461
93454	558
93455	207
93456	427
93457	125
93458	852
93459	854
93460	84
93461	564
93462	443
93463	249
93464	568
93465	494
93466	291
93467	315
93468	544
93469	271
93470	239
93471	13
93472	64
93473	734
93474	215
93475	42
93476	263
93477	33
93478	37
93479	119
93480	225
93481	468
93482	508
93483	413
93484	343
93485	116
93486	634
93487	173
93488	267
93489	204
93490	84
93491	885
93492	431
93493	351
93494	125
93495	250
93496	508
93497	731
93498	330
93499	336
93500	391
93501	417
93502	35
93503	10
93504	364
93505	87
93506	432
93507	20
93508	442
93509	420
93510	63
93511	448
93512	0
93513	621
93514	533
93515	304
93516	361
93517	470
93518	391
93519	213
93520	475
93521	251
93522	599
93523	159
93524	18
93525	526
93526	339
93527	323
93528	20
93529	607
93530	265
93531	619
93532	137
93533	254
93534	20
93535	349
93536	47
93537	173
93538	133
93539	273
93540	56
93541	122
93542	298
93543	267
93544	435
93545	375
93546	458
93547	461
93548	20
93549	630
93550	549
93551	334
93552	65
93553	418
93554	467
93555	292
93556	298
93557	385
93558	166
93559	307
93560	56
93561	236
93562	257
93563	494
93564	602
93565	537
93566	582
93567	459
93568	560
93569	20
93570	39
93571	417
93572	60
93573	455
93574	178
93575	203
93576	130
93577	422
93578	121
93579	132
93580	492
93581	677
93582	534
93583	591
93584	193
93585	538
93586	665
93587	38
93588	234
93589	305
93590	262
93591	20
93592	329
93593	376
93594	107
93595	606
93596	86
93597	120
93598	30
93599	90
93600	56
93601	472
93602	433
93603	171
93604	155
93605	314
93606	841
93607	886
93608	292
93609	734
93610	519
93611	231
93612	121
93613	37
93614	138
93615	216
93616	513
93617	315
93618	77
93619	218
93620	517
93621	252
93622	35
93623	771
93624	4
93625	512
93626	30
93627	257
93628	320
93629	534
93630	277
93631	560
93632	479
93633	453
93634	625
93635	659
93636	245
93637	47
93638	301
93639	380
93640	281
93641	447
93642	360
93643	20
93644	266
93645	239
93646	624
93647	350
93648	45
93649	448
93650	38
93651	188
93652	644
93653	411
93654	514
93655	168
93656	87
93657	481
93658	368
93659	820
93660	386
93661	315
93662	357
93663	190
93664	438
93665	256
93666	379
93667	416
93668	21
93669	12
93670	406
93671	671
93672	80
93673	120
93674	480
93675	724
93676	591
93677	192
93678	303
93679	261
93680	129
93681	592
93682	85
93683	169
93684	58
93685	59
93686	162
93687	265
93688	713
93689	648
93690	56
93691	379
93692	329
93693	357
93694	315
93695	254
93696	245
93697	232
93698	32
93699	251
93700	473
93701	677
93702	0
93703	679
93704	643
93705	561
93706	98
93707	274
93708	343
93709	264
93710	282
93711	345
93712	598
93713	724
93714	587
93715	584
93716	1
93717	30
