1	474
2	299
3	639
4	551
5	568
6	647
7	530
8	700
9	200
10	239
11	635
12	149
13	282
14	446
15	615
16	171
17	1
18	647
19	102
20	386
21	52
22	473
23	343
24	86
25	439
26	376
27	347
28	404
29	36
30	167
31	670
32	72
33	10
34	439
35	306
36	594
37	608
38	603
39	85
40	573
41	20
42	11
43	390
44	21
45	410
46	178
47	216
48	301
49	255
50	665
51	694
52	528
53	410
54	503
55	21
56	456
57	311
58	399
59	577
60	332
61	434
62	305
63	321
64	348
65	811
66	483
67	245
68	49
69	636
70	676
71	344
72	105
73	10
74	86
75	56
76	677
77	663
78	593
79	616
80	363
81	70
82	420
83	543
84	831
85	745
86	441
87	683
88	672
89	586
90	865
91	69
92	348
93	427
94	220
95	388
96	305
97	101
98	605
99	591
100	43
101	205
102	304
103	505
104	473
105	463
106	479
107	314
108	16
109	323
110	113
111	390
112	325
113	608
114	152
115	82
116	272
117	118
118	519
119	389
120	472
121	639
122	512
123	876
124	205
125	617
126	364
127	564
128	533
129	491
130	813
131	672
132	435
133	679
134	724
135	299
136	49
137	643
138	670
139	97
140	611
141	577
142	462
143	56
144	20
145	171
146	72
147	375
148	10
149	448
150	556
151	304
152	538
153	492
154	468
155	621
156	51
157	256
158	179
159	482
160	572
161	58
162	152
163	59
164	270
165	348
166	196
167	152
168	10
169	273
170	333
171	901
172	971
173	1038
174	896
175	954
176	270
177	234
178	86
179	89
180	39
181	572
182	610
183	525
184	4
185	575
186	430
187	556
188	411
189	39
190	415
191	142
192	415
193	380
194	311
195	630
196	484
197	20
198	556
199	122
200	462
201	405
202	523
203	204
204	484
205	322
206	505
207	456
208	186
209	466
210	100
211	712
212	424
213	366
214	341
215	215
216	398
217	491
218	77
219	201
220	1098
221	318
222	81
223	406
224	73
225	412
226	36
227	169
228	400
229	772
230	197
231	583
232	623
233	513
234	470
235	619
236	24
237	467
238	178
239	122
240	20
241	312
242	431
243	566
244	345
245	113
246	456
247	20
248	453
249	140
250	583
251	97
252	624
253	1
254	99
255	443
256	394
257	226
258	135
259	295
260	551
261	687
262	499
263	467
264	35
265	295
266	166
267	324
268	402
269	511
270	20
271	120
272	51
273	64
274	378
275	301
276	295
277	386
278	420
279	419
280	576
281	393
282	288
283	212
284	440
285	0
286	647
287	161
288	697
289	621
290	587
291	457
292	717
293	532
294	176
295	436
296	326
297	178
298	335
299	372
300	86
301	559
302	494
303	176
304	349
305	404
306	473
307	151
308	408
309	315
310	411
311	837
312	351
313	210
314	170
315	597
316	90
317	303
318	2
319	808
320	22
321	280
322	172
323	193
324	363
325	699
326	280
327	392
328	574
329	10
330	451
331	9
332	188
333	133
334	357
335	685
336	421
337	142
338	129
339	354
340	551
341	469
342	229
343	223
344	383
345	290
346	108
347	15
348	98
349	471
350	457
351	811
352	681
353	604
354	37
355	221
356	31
357	860
358	590
359	769
360	316
361	793
362	369
363	607
364	378
365	1
366	383
367	508
368	607
369	352
370	549
371	330
372	131
373	252
374	276
375	614
376	10
377	97
378	313
379	364
380	368
381	258
382	407
383	311
384	373
385	592
386	737
387	382
388	491
389	537
390	742
391	395
392	193
393	308
394	229
395	474
396	618
397	290
398	20
399	537
400	96
401	328
402	486
403	113
404	40
405	394
406	20
407	504
408	23
409	0
410	115
411	50
412	156
413	40
414	329
415	85
416	452
417	11
418	474
419	349
420	416
421	229
422	347
423	73
424	700
425	84
426	238
427	400
428	237
429	573
430	468
431	102
432	0
433	226
434	539
435	485
436	176
437	479
438	584
439	167
440	333
441	463
442	691
443	559
444	588
445	501
446	631
447	328
448	696
449	728
450	251
451	328
452	0
453	558
454	354
455	500
456	443
457	589
458	535
459	473
460	440
461	279
462	414
463	520
464	541
465	397
466	455
467	465
468	490
469	374
470	363
471	344
472	62
473	737
474	435
475	1022
476	1034
477	460
478	86
479	435
480	358
481	781
482	480
483	75
484	16
485	684
486	409
487	120
488	481
489	576
490	500
491	252
492	62
493	170
494	269
495	37
496	0
497	683
498	521
499	687
500	472
501	326
502	428
503	369
504	6
505	121
506	56
507	35
508	86
509	325
510	366
511	169
512	329
513	11
514	57
515	73
516	391
517	646
518	673
519	434
520	562
521	760
522	372
523	67
524	119
525	205
526	219
527	258
528	348
529	285
530	115
531	366
532	291
533	89
534	485
535	388
536	377
537	575
538	559
539	451
540	317
541	436
542	326
543	504
544	609
545	242
546	522
547	229
548	354
549	331
550	473
551	429
552	438
553	420
554	693
555	364
556	89
557	692
558	245
559	501
560	543
561	220
562	521
563	183
564	280
565	630
566	228
567	84
568	134
569	205
570	666
571	502
572	4
573	915
574	701
575	271
576	586
577	553
578	248
579	744
580	643
581	376
582	400
583	303
584	980
585	589
586	405
587	466
588	410
589	197
590	318
591	272
592	507
593	210
594	216
595	72
596	607
597	481
598	404
599	495
600	434
601	282
602	396
603	415
604	507
605	53
606	577
607	505
608	8
609	361
610	118
611	7
612	177
613	349
614	483
615	508
616	743
617	1028
618	54
619	305
620	603
621	196
622	270
623	445
624	158
625	584
626	0
627	411
628	380
629	158
630	338
631	352
632	368
633	410
634	234
635	758
636	172
637	102
638	361
639	370
640	321
641	490
642	320
643	395
644	764
645	214
646	561
647	385
648	567
649	406
650	536
651	933
652	733
653	1061
654	324
655	188
656	792
657	373
658	388
659	42
660	727
661	763
662	484
663	400
664	391
665	991
666	276
667	330
668	58
669	546
670	741
671	696
672	595
673	263
674	10
675	53
676	622
677	696
678	100
679	435
680	69
681	204
682	128
683	801
684	701
685	468
686	374
687	412
688	64
689	113
690	157
691	244
692	64
693	612
694	347
695	507
696	525
697	20
698	433
699	665
700	62
701	421
702	269
703	482
704	371
705	234
706	331
707	132
708	287
709	700
710	427
711	659
712	637
713	436
714	614
715	598
716	367
717	276
718	583
719	384
720	485
721	31
722	309
723	114
724	16
725	30
726	321
727	555
728	205
729	22
730	561
731	267
732	74
733	452
734	93
735	362
736	283
737	203
738	689
739	417
740	417
741	701
742	578
743	495
744	426
745	591
746	287
747	183
748	578
749	120
750	568
751	77
752	191
753	142
754	106
755	12
756	24
757	287
758	269
759	702
760	573
761	558
762	349
763	111
764	57
765	380
766	205
767	157
768	81
769	498
770	179
771	20
772	352
773	134
774	285
775	318
776	622
777	297
778	10
779	228
780	133
781	46
782	453
783	605
784	336
785	232
786	77
787	630
788	71
789	474
790	465
791	428
792	119
793	444
794	362
795	20
796	70
797	906
798	1098
799	781
800	87
801	391
802	363
803	369
804	57
805	284
806	343
807	598
808	43
809	36
810	333
811	56
812	360
813	364
814	220
815	96
816	867
817	537
818	165
819	531
820	270
821	285
822	38
823	781
824	524
825	496
826	145
827	194
828	84
829	728
830	483
831	625
832	697
833	242
834	768
835	718
836	336
837	107
838	350
839	357
840	141
841	56
842	56
843	311
844	773
845	551
846	130
847	345
848	22
849	58
850	575
851	59
852	298
853	602
854	58
855	496
856	564
857	881
858	294
859	898
860	451
861	440
862	298
863	262
864	537
865	277
866	96
867	50
868	111
869	305
870	133
871	56
872	277
873	35
874	582
875	461
876	480
877	568
878	410
879	579
880	508
881	316
882	436
883	38
884	20
885	258
886	35
887	393
888	112
889	242
890	325
891	687
892	594
893	285
894	150
895	225
896	213
897	361
898	175
899	627
900	597
901	734
902	489
903	390
904	465
905	343
906	329
907	135
908	587
909	277
910	87
911	883
912	419
913	112
914	332
915	672
916	735
917	697
918	547
919	4
920	606
921	824
922	297
923	147
924	572
925	218
926	26
927	511
928	35
929	307
930	270
931	464
932	525
933	526
934	5
935	725
936	523
937	539
938	623
939	806
940	451
941	357
942	613
943	240
944	701
945	308
946	833
947	734
948	656
949	727
950	681
951	1
952	197
953	426
954	406
955	308
956	438
957	256
958	121
959	337
960	317
961	371
962	529
963	98
964	323
965	136
966	656
967	211
968	560
969	127
970	563
971	636
972	192
973	463
974	925
975	827
976	844
977	178
978	480
979	354
980	35
981	538
982	214
983	112
984	253
985	263
986	81
987	39
988	201
989	316
990	395
991	290
992	209
993	397
994	390
995	567
996	481
997	515
998	490
999	572
1000	673
1001	164
1002	491
1003	511
1004	180
1005	750
1006	755
1007	136
1008	459
1009	581
1010	472
1011	16
1012	638
1013	338
1014	311
1015	266
1016	273
1017	301
1018	335
1019	64
1020	672
1021	448
1022	645
1023	932
1024	188
1025	57
1026	73
1027	153
1028	702
1029	623
1030	273
1031	112
1032	813
1033	90
1034	335
1035	398
1036	530
1037	139
1038	630
1039	606
1040	525
1041	551
1042	516
1043	397
1044	227
1045	237
1046	389
1047	170
1048	291
1049	95
1050	489
1051	185
1052	372
1053	484
1054	10
1055	780
1056	93
1057	235
